G2-item #0
Let:
  T1 = {:type :ok, :f :txn, :value [[:r 11 [1 2 3 4 5 6 7 9 10 11 12 8 13 14 15 16 17 18 19 20 21 22 23 24 25 26 27 29 28 32 30 33 35 31 36 34 37 38 39 40 42 41 43 46 44 45 48 49 50 51 52 53 47 55 56 54 57 58 61 60 62 59 63 64 65 69 66 70 71 72 74 67 68 73 75 76 77 80 81 82 83 78 84 79 86 85 88 87 89 90 92 91 93 96]] [:append 11 99] [:append 13 86] [:r 7 [1 2 4 5 6 7 3 8 10 11 9 12 13 14 15 16 17 18 21 19 20 22 24 25 23 26 27 28 29 30 31 32 33 34 35 36 37 38 39 40 41 42 44 45 43 46 47 48 49 50 51 52 53 54 55 56 58 57 59 60 61 62 63 64 65 66 67 69 68 70 71 72 73 74 76 77 75 78 79 81 82 80 83 84 86 85 87 88 90 91 92 93 89 94 95 96 97 98 100 99 101 102 104 105 103 106 107 108 109 110 111 112 113 114 116 117 115 119 118]]], :time 26141464257, :process 12, :index 1511}
  T2 = {:type :ok, :f :txn, :value [[:r 11 [1 2 3 4 5 6 7 9 10 11 12 8 13 14 15 16 17 18 19 20 21 22 23 24 25 26 27 29 28 32 30 33 35 31 36 34 37 38 39 40 42 41 43 46 44 45 48 49 50 51 52 53 47 55 56 54 57 58 61 60 62 59 63 64 65 69 66 70 71 72 74 67 68 73 75 76 77 80 81 82 83 78 84 79 86 85 88 87 89 90 92 91 93 96]] [:append 7 121]], :time 26149467400, :process 4, :index 1512}

Then:
  - T1 < T2, because T1 did not observe T2's append of 121 to 7.
  - However, T2 < T1, because T2 did not observe T1's append of 99 to 11: a contradiction!


G2-item #1
Let:
  T1 = {:type :ok, :f :txn, :value [[:append 32 7] [:r 29 [1 2 3 4 5 6 7 8 9 10 11 12 13 14 15 16 17 18 20 22 21 23 19 24 25 26 27 28 29 30 31 32 33 34 35 36 37 40 38 39 41 43 44 45 42 46 47 48 49 50 51 52 53 54 55 56 57 58 59 60 61 62 63 64 66 65 69 68 70 72 73 67]] [:r 31 [1 2 3 4 7 8 9 5 6 10 11 13 14 12 15 16 17 18 19 20 21 22 23 24 26 30 25 28 29 27 31 32 33 36]] [:r 32 [1 4 2 5 7]]], :time 72162803475, :process 5, :index 5473}
  T2 = {:type :ok, :f :txn, :value [[:append 31 34] [:append 3 28] [:r 32 [1 4 2]] [:r 32 [1 4 2]]], :time 72158448867, :process 4, :index 5470}
  T3 = {:type :ok, :f :txn, :value [[:append 32 5]], :time 72156171860, :process 11, :index 5467}

Then:
  - T1 < T2, because T1 did not observe T2's append of 34 to 31.
  - T2 < T3, because T2 did not observe T3's append of 5 to 32.
  - However, T3 < T1, because T1 appended 7 after T3 appended 5 to 32: a contradiction!


G2-item #2
Let:
  T1 = {:type :ok, :f :txn, :value [[:append 31 93] [:r 33 [1 2 3 4 5 7 6 8 9 10]]], :time 76734300392, :process 6, :index 5890}
  T2 = {:type :ok, :f :txn, :value [[:r 31 [1 2 3 4 7 8 9 5 6 10 11 13 14 12 15 16 17 18 19 20 21 22 23 24 26 30 25 28 29 27 31 32 33 36 34 35 37 38 39 40 42 41 43 44 45 46 48 49 47 50 51 52 53 54 55 56 57 58 59 60 61 63 62 64 65 66 67 68 69 70 71 72 73 74 77 78 75 76 80 81 79 82 83 84 85 86 87 88 89 90 91]] [:append 33 15]], :time 76725957363, :process 13, :index 5888}

Then:
  - T1 < T2, because T1 did not observe T2's append of 15 to 33.
  - However, T2 < T1, because T2 did not observe T1's append of 93 to 31: a contradiction!


G2-item #3
Let:
  T1 = {:type :ok, :f :txn, :value [[:r 36 [1 2 3 4 5 7 8 9 11 12 6 13 16 14 15 10 18 17 19 20 21 22 23 24 25 26 27 28 30 31 32 33 34 35 29 36 37 38 40 39]] [:append 35 50] [:append 35 51]], :time 82773155370, :process 9, :index 6417}
  T2 = {:type :ok, :f :txn, :value [[:append 36 41] [:r 35 [1 2 3 4 5 6 7 9 8 10 11 12 13 14 15 16 17 18 19 20 23 24 21 25 28 27 22 26 30 31 32 29 33 34 35 36 37 38 39 40 41 42 43 45 46 47 48 49 44]] [:r 4 [1 2 3 4 5 6 7 8 9 10 11 12 13 15 14 16 17 18 19 20 21 22 23 24 25 26 28 27 29 30 31 33 32 34 35 36 37 38 39 40 41 42 43 44 45 46 47 48 49 50 51 52 53 54 56 55 57 58 59 60 61 62 63 64 65 66 67]] [:append 36 42]], :time 82795887765, :process 13, :index 6421}

Then:
  - T1 < T2, because T1 did not observe T2's append of 41 to 36.
  - However, T2 < T1, because T2 did not observe T1's append of 50 to 35: a contradiction!


G2-item #4
Let:
  T1 = {:type :ok, :f :txn, :value [[:r 44 [1 2 3 4 5 9 10 11 12 13 14 16 17 18 19 20 21 22 23 24 15 6 7 8 25 26 29 30 31 32 27 28 33 35 36 37 38 34 39 40 42 43 44 41 45 46 47 48 49 50 51 52 53 55]] [:append 43 71]], :time 102068517559, :process 4, :index 8095}
  T2 = {:type :ok, :f :txn, :value [[:append 45 5] [:r 44 [1 2 3 4 5 9 10 11 12 13 14 16 17 18 19 20 21 22 23 24 15 6 7 8 25 26 29 30 31 32 27 28 33 35 36 37 38 34 39 40 42 43 44 41 45 46 47 48 49 50 51 52 53 55]] [:r 43 [1 2 8 4 9 7 5 6 3 10 11 12 13 14 15 16 17 18 19 20 21 23 24 25 26 22 27 28 30 31 32 33 29 34 35 36 39 40 41 37 38 42 43 44 45 46 47 48 49 50 51 52 53 54 55 57 58 59 60 56 61 62 63 64 65 66 67 68 69]] [:append 44 56]], :time 102069620019, :process 9, :index 8096}

Then:
  - T1 < T2, because T1 did not observe T2's append of 56 to 44.
  - However, T2 < T1, because T2 did not observe T1's append of 71 to 43: a contradiction!


G2-item #5
Let:
  T1 = {:type :ok, :f :txn, :value [[:r 22 [1 2 3 4 5 6 7 8 9 11 10 12 13 14 16 17 15 18 19 20 21 22 23 24 25 26 27 28 29 30 31 32 33 34 35 36 37 38 39 40 41 42 43 44 45 46 47 48 49 50 51 52 53 54 55 56 57 58 59 60 61 63 62 64 65 66 67 68 69 70 72 71 73 74 75 76 77 78 80 79 81 82 83 84 85 86 87 88 89 90 91 92 93 94 95 97 96 98]] [:r 32 [1 4 2 5 7 6 8 3 10 11 9 17 12 15 16 18 19 20 21 22 23 24]] [:append 31 41] [:r 32 [1 4 2 5 7 6 8 3 10 11 9 17 12 15 16 18 19 20 21 22 23 24]]], :time 72954053867, :process 11, :index 5543}
  T2 = {:type :ok, :f :txn, :value [[:append 29 75] [:r 31 [1 2 3 4 7 8 9 5 6 10 11 13 14 12 15 16 17 18 19 20 21 22 23 24 26 30 25 28 29 27 31 32 33 36 34 35 37 38 39 40 42]] [:append 32 13] [:append 32 14]], :time 72951789610, :process 4, :index 5541}

Then:
  - T1 < T2, because T1 did not observe T2's append of 13 to 32.
  - However, T2 < T1, because T2 did not observe T1's append of 41 to 31: a contradiction!


G2-item #6
Let:
  T1 = {:type :ok, :f :txn, :value [[:append 6 121] [:append 20 18] [:r 19 [1 2 3 5 6 4 7 8 9 10 11 12 14 13 15 16 17 18 19 20 21 22 23 24 25 26 27 28 29 30 31 33 34 32 35 36 37 38 39 40 41 42 43 44 45 46 47 48 49 50 51 52 53]] [:r 20 [1 2 3 4 5 6 7 8 9 10 12 13 14 15 16 17 18]]], :time 42970154243, :process 8, :index 2949}
  T2 = {:type :ok, :f :txn, :value [[:append 19 54] [:r 20 [1 2 3 4 5 6 7 8 9 10 12 13 14 15 16 17]] [:append 19 55]], :time 42984551962, :process 1, :index 2951}

Then:
  - T1 < T2, because T1 did not observe T2's append of 54 to 19.
  - However, T2 < T1, because T2 did not observe T1's append of 18 to 20: a contradiction!


G2-item #7
Let:
  T1 = {:type :ok, :f :txn, :value [[:append 27 8] [:r 5 [1 2 3 4 5 6 7 8 9 10 11 12 13 14 15 16 17 18 19 20 21 22 23 24 25 26 27 28 29 30 31 32 33 34 35 36 37 38 39 40 41 42 43 44 45 46 47 48 49 50 51 52 54 55 53 56 57 58 59 60 61 62 63 64 65 66 67 68 69 70 71 72 73 74 75 76 77 78 79 80 81 82 83 84 85]] [:r 26 [3 1 2 4 5 6 7 8 9 10 11 12 15 16 17 13 14 19 18 20 21 22 23 24 27 28 29 26 33 34 35 30 25 36 37 40 31 32 38 39 42 43 44 45 41 48 49 50 51 52 46 47 54 53 55 56 57 58 59 60 61 62 64 65 66 67 68 69 63 70 71 72 73 74 76 77 78 75 79 80 81 82 83]]], :time 58860025711, :process 1, :index 4387}
  T2 = {:type :ok, :f :txn, :value [[:append 26 84] [:r 27 [1 2 3 4 5 6 7]] [:append 26 85]], :time 58859317883, :process 14, :index 4385}

Then:
  - T1 < T2, because T1 did not observe T2's append of 84 to 26.
  - However, T2 < T1, because T2 did not observe T1's append of 8 to 27: a contradiction!


G2-item #8
Let:
  T1 = {:type :ok, :f :txn, :value [[:r 41 [1 4 2 3 8 9 10 5 6 7 12 13 14 15 16 17 18 19 20 21 11 22 23 24 25 26 27 28 29 30 31 33 34 36 37 38 39 42 40 41 32 43]] [:append 41 47] [:r 40 [1 2 3 4 5 6 7 8 9 10 11 13 14 15 16 18 19 17 12 20 21 22 23 25 26 27 28 24 29 30 31 32 33 35 36 37 38 39 40 34 42 43 41 44 45 46 47 48 49 50 51 52 53 54 56 57 58 59 60 61 55 62 63 64 65 66 68 69 70 67 71]] [:r 41 [1 4 2 3 8 9 10 5 6 7 12 13 14 15 16 17 18 19 20 21 11 22 23 24 25 26 27 28 29 30 31 33 34 36 37 38 39 42 40 41 32 43 47]]], :time 91956975290, :process 0, :index 7263}
  T2 = {:type :ok, :f :txn, :value [[:r 41 [1 4 2 3 8 9 10 5 6 7 12 13 14 15 16 17 18 19 20 21 11 22 23 24 25 26 27 28 29 30 31 33 34 36 37 38 39 42 40 41 32 43]] [:append 34 80] [:append 40 72] [:append 40 73]], :time 91957789594, :process 14, :index 7265}

Then:
  - T1 < T2, because T1 did not observe T2's append of 72 to 40.
  - However, T2 < T1, because T2 did not observe T1's append of 47 to 41: a contradiction!


G2-item #9
Let:
  T1 = {:type :ok, :f :txn, :value [[:r 35 [1 2 3 4 5 6 7 9 8 10]] [:r 33 [1 2 3 4 5 7 6 8 9 10 15 14 16 12 13 17 18 11 22 19 20 23 24 21 25 26 27 28 30 29 31 33 34 35 36 37 39 40 41 42 43 44 45 32 48 49 51 52 50 38 54 55 56 53 59 60 46 62 57 58 61 64 65 66 67 47 63 69 70 71 72 73 68 74 75 76 77 79 82 83 78 80 81 84 85 86 88 89 92 93 94 95 96 99 90 91 97 98 100 101 87 102 103 104 105 106 109 110 107 108 114 115 116 117]] [:append 34 10] [:append 33 111]], :time 80541280735, :process 4, :index 6217}
  T2 = {:type :ok, :f :txn, :value [[:append 35 11] [:r 35 [1 2 3 4 5 6 7 9 8 10 11]] [:r 33 [1 2 3 4 5 7 6 8 9 10 15 14 16 12 13 17 18 11 22 19 20 23 24 21 25 26 27 28 30 29 31 33 34 35 36 37 39 40 41 42 43 44 45 32 48 49 51 52 50 38 54 55 56 53 59 60 46 62 57 58 61 64 65 66 67 47 63 69 70 71 72 73 68 74 75 76 77 79 82 83 78 80 81 84 85 86 88 89 92 93 94 95 96 99 90 91 97 98 100 101 87 102 103 104 105 106 109 110 107 108 114 115 116 117]]], :time 80531748228, :process 14, :index 6215}

Then:
  - T1 < T2, because T1 did not observe T2's append of 11 to 35.
  - However, T2 < T1, because T2 did not observe T1's append of 111 to 33: a contradiction!


G2-item #10
Let:
  T1 = {:type :ok, :f :txn, :value [[:r 7 [1 2 4 5 6 7 3 8 10 11 9 12 13]] [:append 8 25] [:append 5 2] [:append 9 49]], :time 8749746942, :process 13, :index 204}
  T2 = {:type :ok, :f :txn, :value [[:r 9 [1 4 6 8 5 7 3 2 9 11 12 13 18 17 10 15 16 21 19 14 22 25 23 24 26 27 20 28 29 32 31 33 30 34 35 36 38 40 39 41 37 42 45 46 47 50 51 52 53 48]] [:append 7 14] [:append 6 11]], :time 8749341110, :process 14, :index 203}

Then:
  - T1 < T2, because T1 did not observe T2's append of 14 to 7.
  - However, T2 < T1, because T2 did not observe T1's append of 49 to 9: a contradiction!


G2-item #11
Let:
  T1 = {:type :ok, :f :txn, :value [[:append 21 43] [:r 23 [2 3 4 5 7 8 1 10 6 9 12 11 13 14 15 16 18 17 19 20 21 22 23 24 25 26 27 30 31 32 28 29 35 36 37 38 39 40 41 42 33 34 43 45 47 48 49 50 51 52 53 46 54 55 56 57 58 59 44 61 62 63 64 65 60 66 68 70 71 69 67 72 73 74 78 76 77 79 80 75 81 84 85 82 83 89 88 90 91 92 93 94 95 86 87 96 98 104 97 105 106 99 100 107 108 101 102 103 110 111 112 109 114 115 116 113 118 117 120 121 119 122]]], :time 50742101921, :process 14, :index 3649}
  T2 = {:type :ok, :f :txn, :value [[:r 21 [1 2 3 4 5 6 9 8 7 10 11 12 13 14 15 16 17 18 19 20 22 21 23 25 24 26 27 28 30 29 31 32 33 34 37 35 38 36 39 40 41 42]] [:r 23 [2 3 4 5 7 8 1 10 6 9 12 11 13 14 15 16 18 17 19 20 21 22 23 24 25 26 27 30 31 32 28 29 35 36 37 38 39 40 41 42 33 34 43 45 47 48 49 50 51 52 53 46 54 55 56 57 58 59 44 61 62 63 64 65 60 66 68 70 71 69 67 72 73 74 78 76 77 79 80 75 81 84 85 82 83 89 88 90 91 92 93 94 95 86 87 96 98 104 97 105 106 99 100 107 108 101 102 103 110 111 112 109 114 115 116 113 118 117 120 121 119 122]] [:r 23 [2 3 4 5 7 8 1 10 6 9 12 11 13 14 15 16 18 17 19 20 21 22 23 24 25 26 27 30 31 32 28 29 35 36 37 38 39 40 41 42 33 34 43 45 47 48 49 50 51 52 53 46 54 55 56 57 58 59 44 61 62 63 64 65 60 66 68 70 71 69 67 72 73 74 78 76 77 79 80 75 81 84 85 82 83 89 88 90 91 92 93 94 95 86 87 96 98 104 97 105 106 99 100 107 108 101 102 103 110 111 112 109 114 115 116 113 118 117 120 121 119 122]] [:append 23 123]], :time 50738720276, :process 0, :index 3647}

Then:
  - T1 < T2, because T1 did not observe T2's append of 123 to 23.
  - However, T2 < T1, because T2 did not observe T1's append of 43 to 21: a contradiction!


G2-item #12
Let:
  T1 = {:type :ok, :f :txn, :value [[:append 29 3] [:append 29 4] [:r 27 [1 2 3 4 5 6 7 8 9 10 11 12 13 14 17 15 18 16 19 20 22 21 25 23 27 24 29 26 30 28 31 32 33 34 35 36 37 40 38 39 41 42 43 44 45 47 46 49 50 48]] [:append 29 5]], :time 62498093546, :process 11, :index 4671}
  T2 = {:type :ok, :f :txn, :value [[:append 27 51] [:r 29 [1 2]] [:append 28 30]], :time 62498195602, :process 3, :index 4673}

Then:
  - T1 < T2, because T1 did not observe T2's append of 51 to 27.
  - However, T2 < T1, because T2 did not observe T1's append of 3 to 29: a contradiction!


G2-item #13
Let:
  T1 = {:type :ok, :f :txn, :value [[:r 23 [2 3 4 5 7 8 1 10 6 9 12 11 13 14 15 16 18]] [:append 23 17] [:r 19 [1 2 3 5 6 4 7 8 9 10 11 12 14 13 15 16 17 18 19 20 21 22 23 24 25 26 27 28 29 30 31 33 34 32 35 36 37 38 39 40 41 42 43 44 45 46 47 48 49 50 51 52 53 54 55 56 57 58 59 60 61 62 63 64 66 67 68 65 69 70 71 72 73 74 75 76 77 78 80 79 81 82 83 84 85 86 87 88 89 90 91 93 92 94 95 96 97 99 98 100 101 102 103 104 105 106]]], :time 47139955633, :process 6, :index 3325}
  T2 = {:type :ok, :f :txn, :value [[:r 23 [2 3 4 5 7 8 1 10 6 9 12 11 13 14 15 16 18]] [:append 19 108] [:r 23 [2 3 4 5 7 8 1 10 6 9 12 11 13 14 15 16 18]]], :time 47146497378, :process 1, :index 3328}

Then:
  - T1 < T2, because T1 did not observe T2's append of 108 to 19.
  - However, T2 < T1, because T2 did not observe T1's append of 17 to 23: a contradiction!


G2-item #14
Let:
  T1 = {:type :ok, :f :txn, :value [[:append 36 7] [:r 35 [1 2 3 4 5 6 7 9 8 10 11 12 13 14 15 16 17 18]] [:append 36 8]], :time 81153690794, :process 4, :index 6269}
  T2 = {:type :ok, :f :txn, :value [[:r 35 [1 2 3 4 5 6 7 9 8 10 11 12 13 14 15 16 17 18]] [:append 35 19] [:r 5 [1 2 3 4 5 6 7 8 9 10 11 12 13 14 15 16 17 18 19 20 21 22 23 24 25 26 27 28 29 30 31 32 33 34 35 36 37 38 39 40 41 42 43 44 45 46 47 48 49 50 51 52 54 55 53 56 57 58 59 60 61 62 63 64 65 66 67 68 69 70 71 72 73 74 75 76 77 78 79 80 81 82 83 84 85 86 87 88 89 90 91 92 94 95 93 96 97 98 99 100 101 102 103 104 105 106 108 107 109 110 111 112 113 114 115 116 117 118 120 119 121 122 123 124]] [:r 36 [1 2 3 4 5]]], :time 81156390093, :process 12, :index 6271}

Then:
  - T1 < T2, because T1 did not observe T2's append of 19 to 35.
  - However, T2 < T1, because T2 did not observe T1's append of 7 to 36: a contradiction!


G2-item #15
Let:
  T1 = {:type :ok, :f :txn, :value [[:append 47 106] [:r 49 [1 2 3 4 5 6 7 8 9 12 14 10 15 16 17 13 20 18 19 21 22 23 11 26]] [:r 49 [1 2 3 4 5 6 7 8 9 12 14 10 15 16 17 13 20 18 19 21 22 23 11 26]]], :time 115352626711, :process 11, :index 9257}
  T2 = {:type :ok, :f :txn, :value [[:r 47 [1 3 4 5 6 7 8 9 10 2 14 11 15 12 13 16 17 18 19 20 21 22 23 24 25 26 27 29 28 30 32 31 33 34 35 36 37 38 39 41 42 43 40 46 44 45 47 48 49 50 51 52 53 55 54 56 57 58 59 60 61 62 64 63 65 67 68 69 70 72 71 73 66 74 75 77 78 76 79 80 81 82 83 84 85 86 87 88 89 90 91 93 92 94 96 97 98 99 100 101 95 102 103 104 105 107]] [:append 38 66] [:append 49 27]], :time 115346213641, :process 9, :index 9255}

Then:
  - T1 < T2, because T1 did not observe T2's append of 27 to 49.
  - However, T2 < T1, because T2 did not observe T1's append of 106 to 47: a contradiction!


G2-item #16
Let:
  T1 = {:type :ok, :f :txn, :value [[:append 4 51] [:r 28 [3 4 6 7 1 2 5 9 8 11 12 13 14 15 16 19 18 17 22 10 21 23 24 25 20 27 28 26 31 32 30 29 34 35 36 37 40 38 39 33 41 47 48 51 42 43 44 52 53 54 50 56 46 55 57 49 45 61 62 63 64]] [:append 27 67] [:r 28 [3 4 6 7 1 2 5 9 8 11 12 13 14 15 16 19 18 17 22 10 21 23 24 25 20 27 28 26 31 32 30 29 34 35 36 37 40 38 39 33 41 47 48 51 42 43 44 52 53 54 50 56 46 55 57 49 45 61 62 63 64]]], :time 63928896187, :process 14, :index 4777}
  T2 = {:type :ok, :f :txn, :value [[:append 28 58] [:append 28 59] [:r 27 [1 2 3 4 5 6 7 8 9 10 11 12 13 14 17 15 18 16 19 20 22 21 25 23 27 24 29 26 30 28 31 32 33 34 35 36 37 40 38 39 41 42 43 44 45 47 46 49 50 48 51 52 53 54 55 56 57 64 61 60 58 59 65 62 63 66]] [:append 28 60]], :time 63945844420, :process 11, :index 4779}

Then:
  - T1 < T2, because T1 did not observe T2's append of 58 to 28.
  - However, T2 < T1, because T2 did not observe T1's append of 67 to 27: a contradiction!


G2-item #17
Let:
  T1 = {:type :ok, :f :txn, :value [[:append 14 12] [:r 11 [1 2 3 4 5 6 7 9 10 11 12 8 13 14 15 16 17 18 19 20 21 22 23 24 25 26 27 29 28 32 30 33 35 31 36 34 37 38 39 40 42 41 43 46 44 45 48 49 50 51 52 53 47 55 56 54 57 58 61 60 62 59 63 64 65 69 66 70 71 72 74 67 68 73 75 76 77 80 81 82 83 78 84 79 86 85 88 87 89 90 92 91 93 96 99 94 95 100 101 102 103 107 108 106 97 98 109 110 104 105 113 115 111 112 114 116 117 118 119 120 122 121 123 124 125 127]] [:r 11 [1 2 3 4 5 6 7 9 10 11 12 8 13 14 15 16 17 18 19 20 21 22 23 24 25 26 27 29 28 32 30 33 35 31 36 34 37 38 39 40 42 41 43 46 44 45 48 49 50 51 52 53 47 55 56 54 57 58 61 60 62 59 63 64 65 69 66 70 71 72 74 67 68 73 75 76 77 80 81 82 83 78 84 79 86 85 88 87 89 90 92 91 93 96 99 94 95 100 101 102 103 107 108 106 97 98 109 110 104 105 113 115 111 112 114 116 117 118 119 120 122 121 123 124 125 127]]], :time 28642532620, :process 4, :index 1709}
  T2 = {:type :ok, :f :txn, :value [[:append 15 12] [:r 14 [1 2 3 4 5 6 7 8 9 10 11]] [:append 11 126] [:append 15 13]], :time 28643085102, :process 7, :index 1710}

Then:
  - T1 < T2, because T1 did not observe T2's append of 126 to 11.
  - However, T2 < T1, because T2 did not observe T1's append of 12 to 14: a contradiction!


G2-item #18
Let:
  T1 = {:type :ok, :f :txn, :value [[:append 8 53] [:r 9 [1 4 6 8 5 7 3 2 9 11 12 13 18 17 10 15 16 21 19 14 22 25 23 24 26 27 20 28 29 32 31 33 30 34 35 36 38 40 39 41 37 42 45 46 47 50 51 52 53 48 49 55 56 43 44 54 57 58 61 62 63 64 65 66 68 69 70 71 72 73 67 59 60 74 75 76 77 78 79 81 83 82 85 80 84 86 87 88 90 91 92 93 94 89 95 96 97 100]] [:append 8 54] [:r 7 [1 2 4 5 6 7 3 8 10 11 9 12 13 14 15 16 17 18 21 19 20 22 24 25 23 26 27]]], :time 10691635562, :process 9, :index 363}
  T2 = {:type :ok, :f :txn, :value [[:r 8 [1 2 4 3 5 7 6 8 9 10 11 12 14 15 13 16 17 18 20 19 21 22 23 24 26 25 27 28 29 30 32 33 34 35 31 36 38 37 43 40 41 39 42 47 48 44 45 49 50 46 51 52]] [:append 9 101] [:r 9 [1 4 6 8 5 7 3 2 9 11 12 13 18 17 10 15 16 21 19 14 22 25 23 24 26 27 20 28 29 32 31 33 30 34 35 36 38 40 39 41 37 42 45 46 47 50 51 52 53 48 49 55 56 43 44 54 57 58 61 62 63 64 65 66 68 69 70 71 72 73 67 59 60 74 75 76 77 78 79 81 83 82 85 80 84 86 87 88 90 91 92 93 94 89 95 96 97 100 101]]], :time 10668030896, :process 14, :index 361}

Then:
  - T1 < T2, because T1 did not observe T2's append of 101 to 9.
  - However, T2 < T1, because T2 did not observe T1's append of 53 to 8: a contradiction!


G2-item #19
Let:
  T1 = {:type :ok, :f :txn, :value [[:r 29 [1 2 3 4 5 6 7 8 9]] [:r 28 [3 4 6 7 1 2 5 9 8 11 12 13 14 15 16 19 18 17 22 10 21 23 24 25 20 27 28 26 31 32 30 29 34 35 36 37 40 38 39 33]] [:r 28 [3 4 6 7 1 2 5 9 8 11 12 13 14 15 16 19 18 17 22 10 21 23 24 25 20 27 28 26 31 32 30 29 34 35 36 37 40 38 39 33]] [:append 27 57]], :time 62989420489, :process 9, :index 4713}
  T2 = {:type :ok, :f :txn, :value [[:append 28 41] [:r 27 [1 2 3 4 5 6 7 8 9 10 11 12 13 14 17 15 18 16 19 20 22 21 25 23 27 24 29 26 30 28 31 32 33 34 35 36 37 40 38 39 41 42 43 44 45 47 46 49 50 48 51 52 53 54 55 56]] [:r 28 [3 4 6 7 1 2 5 9 8 11 12 13 14 15 16 19 18 17 22 10 21 23 24 25 20 27 28 26 31 32 30 29 34 35 36 37 40 38 39 33 41]] [:r 27 [1 2 3 4 5 6 7 8 9 10 11 12 13 14 17 15 18 16 19 20 22 21 25 23 27 24 29 26 30 28 31 32 33 34 35 36 37 40 38 39 41 42 43 44 45 47 46 49 50 48 51 52 53 54 55 56]]], :time 62996076266, :process 6, :index 4715}

Then:
  - T1 < T2, because T1 did not observe T2's append of 41 to 28.
  - However, T2 < T1, because T2 did not observe T1's append of 57 to 27: a contradiction!


G2-item #20
Let:
  T1 = {:type :ok, :f :txn, :value [[:r 30 [2 3 4 5 6 1 7 8 9 10 11 12 13 14 15 16 17 18 20 21 19 24 25 26 28 29 31 33 34 30 35 32 36 37 27 38 39 40 41 43 44 42 22 23 45 46 47 48 49 50 51 52 53 54 56 57 58 59 55 60 61 62 63 64 65 66 67 68 70 71 72 73 74 75 76 69 77 81 82 83 78 79 80 84 85 87 88 89 90 86 91 92 96 93 94 97 98]] [:r 22 [1 2 3 4 5 6 7 8 9 11 10 12 13 14 16 17 15 18 19 20 21 22 23 24 25 26 27 28 29 30 31 32 33 34 35 36 37 38 39 40 41 42 43 44 45 46 47 48 49 50 51 52 53 54 55 56 57 58 59 60 61 63 62 64 65 66 67 68 69 70 72 71 73 74 75 76 77 78 80 79 81 82 83 84 85 86 87 88 89 90 91 92 93 94]] [:r 31 [1 2 3 4 7 8 9 5 6 10 11 13 14 12 15 16 17 18 19]] [:append 29 61]], :time 70314448227, :process 13, :index 5357}
  T2 = {:type :ok, :f :txn, :value [[:append 31 20] [:append 30 101] [:r 29 [1 2 3 4 5 6 7 8 9 10 11 12 13 14 15 16 17 18 20 22 21 23 19 24 25 26 27 28 29 30 31 32 33 34 35 36 37 40 38 39 41 43 44 45 42 46 47 48 49 50 51 52 53 54 55 56 57 58 59 60]]], :time 70310543996, :process 10, :index 5355}

Then:
  - T1 < T2, because T1 did not observe T2's append of 20 to 31.
  - However, T2 < T1, because T2 did not observe T1's append of 61 to 29: a contradiction!


G2-item #21
Let:
  T1 = {:type :ok, :f :txn, :value [[:r 51 [1 2 3 4 5 7 8 9 10 11 12 6 13 14]] [:r 51 [1 2 3 4 5 7 8 9 10 11 12 6 13 14]] [:r 50 [1 2 3 4 5 6 7 8 9 10 11 12 13 14 15]] [:append 49 88]], :time 117677587566, :process 10, :index 9469}
  T2 = {:type :ok, :f :txn, :value [[:r 49 [1 2 3 4 5 6 7 8 9 12 14 10 15 16 17 13 20 18 19 21 22 23 11 26 27 28 29 30 31 32 34 24 25 35 36 37 33 38 40 41 42 43 44 45 39 46 47 48 49 53 51 54 55 56 57 58 59 60 52 62 63 64 69 65 61 50 71 70 72 73 74 75 77 76 66 67 68 78 79 80 81 83 84 85 86 82 87]] [:append 51 15] [:append 51 16] [:r 49 [1 2 3 4 5 6 7 8 9 12 14 10 15 16 17 13 20 18 19 21 22 23 11 26 27 28 29 30 31 32 34 24 25 35 36 37 33 38 40 41 42 43 44 45 39 46 47 48 49 53 51 54 55 56 57 58 59 60 52 62 63 64 69 65 61 50 71 70 72 73 74 75 77 76 66 67 68 78 79 80 81 83 84 85 86 82 87]]], :time 117690321130, :process 8, :index 9471}

Then:
  - T1 < T2, because T1 did not observe T2's append of 15 to 51.
  - However, T2 < T1, because T2 did not observe T1's append of 88 to 49: a contradiction!


G2-item #22
Let:
  T1 = {:type :ok, :f :txn, :value [[:r 34 [1 2 5 4 6 7 3 8 9 11 10 12 13 14 15 16 17 18 19 20 21 22 23 24 25 27 28 26 29 30 31 32 33 34 35 36 37 38 39 40 41 42 43 44 45 46 48 47 49 50 51 52 55 56 57 53 54 58 59 61 62 60 63 64 65 66 67 68 70 71 69]] [:r 40 [1 2 3 4 5 6 7 8 9 10 11 13 14 15 16 18 19 17 12 20 21 22 23 25 26 27 28 24 29 30 31 32 33 35 36 37 38 39 40 34 42 43 41 44 45 46 47 48 49 50 51 52 53]]], :time 90828046634, :process 8, :index 7161}
  T2 = {:type :ok, :f :txn, :value [[:append 37 33] [:r 41 [1 4 2 3 8 9 10]] [:append 40 54] [:r 41 [1 4 2 3 8 9 10]]], :time 90828150218, :process 7, :index 7163}
  T3 = {:type :ok, :f :txn, :value [[:append 34 69] [:r 41 [1 4 2 3 8 9 10]] [:append 41 5]], :time 90828122436, :process 11, :index 7162}

Then:
  - T1 < T2, because T1 did not observe T2's append of 54 to 40.
  - T2 < T3, because T2 did not observe T3's append of 5 to 41.
  - However, T3 < T1, because T1 observed T3's append of 69 to key 34: a contradiction!


G2-item #23
Let:
  T1 = {:type :ok, :f :txn, :value [[:r 44 [1 2 3 4 5 9 10 11 12 13 14 16 17 18 19 20 21 22 23 24 15 6 7 8 25 26 29 30 31 32 27 28 33 35 36 37 38 34 39 40 42 43 44 41 45 46 47 48 49 50 51 52 53 55 56 57 58 59 60 54 61 62 63 64 65 66 67 68 73 75 69 70 76 77 71 72 79 74 80 81 82 83 84 85 86 87 89 78 90 91 92 88 93 95 96 97 98 99 100 101 102 94 104 105 106 103 107 108 110 111 112 113 114 115 116 109 117 118 119 123 124 125]] [:append 45 22] [:r 43 [1 2 8 4 9 7 5 6 3 10 11 12 13 14 15 16 17 18 19 20 21 23 24 25 26 22 27 28 30 31 32 33 29 34 35 36 39 40 41 37 38 42 43 44 45 46 47 48 49 50 51 52 53 54 55 57 58 59 60 56 61 62 63 64 65 66 67 68 69 71 72 73 74 75 70 76 77 78 79 81 82 80 83 84 85 87 86 88 89 91 90 92 93 96 94 95 97 98]]], :time 104365741743, :process 7, :index 8299}
  T2 = {:type :ok, :f :txn, :value [[:append 44 126] [:append 44 127] [:r 45 [1 3 2 4 5 6 7 8 9 10 12 11 13 14 15 17 18 16 19 20 21]] [:append 44 128]], :time 104373044878, :process 2, :index 8301}

Then:
  - T1 < T2, because T1 did not observe T2's append of 126 to 44.
  - However, T2 < T1, because T2 did not observe T1's append of 22 to 45: a contradiction!


G2-item #24
Let:
  T1 = {:type :ok, :f :txn, :value [[:append 40 121] [:append 34 110] [:r 42 [1 2 5 6 7 8 9 10 12 13 14 15 11 3 4 16 17 18 19 20 21 22 23 24 25 26 27 29 31 30 32 28 34 33 35 38 37 36 39 40 41 42 43 44 45 49 48 46]] [:append 40 122]], :time 96663661665, :process 0, :index 7676}
  T2 = {:type :ok, :f :txn, :value [[:r 40 [1 2 3 4 5 6 7 8 9 10 11 13 14 15 16 18 19 17 12 20 21 22 23 25 26 27 28 24 29 30 31 32 33 35 36 37 38 39 40 34 42 43 41 44 45 46 47 48 49 50 51 52 53 54 56 57 58 59 60 61 55 62 63 64 65 66 68 69 70 67 71 72 73 74 75 76 77 80 81 82 78 79 83 86 87 88 85 84 89 90 91 92 93 94 95 96 97 98 99 101 100 102 104 103 106 107 105 108 109 110 111 112 113 114 116 115 117 118 119 120]] [:append 1 15] [:append 42 50]], :time 96673973439, :process 13, :index 7679}

Then:
  - T1 < T2, because T1 did not observe T2's append of 50 to 42.
  - However, T2 < T1, because T2 did not observe T1's append of 121 to 40: a contradiction!


G2-item #25
Let:
  T1 = {:type :ok, :f :txn, :value [[:append 23 98] [:r 23 [2 3 4 5 7 8 1 10 6 9 12 11 13 14 15 16 18 17 19 20 21 22 23 24 25 26 27 30 31 32 28 29 35 36 37 38 39 40 41 42 33 34 43 45 47 48 49 50 51 52 53 46 54 55 56 57 58 59 44 61 62 63 64 65 60 66 68 70 71 69 67 72 73 74 78 76 77 79 80 75 81 84 85 82 83 89 88 90 91 92 93 94 95 86 87 96 98]] [:r 24 [1 2 3 4 5 6 7 8 9 11 10 12 13]] [:r 23 [2 3 4 5 7 8 1 10 6 9 12 11 13 14 15 16 18 17 19 20 21 22 23 24 25 26 27 30 31 32 28 29 35 36 37 38 39 40 41 42 33 34 43 45 47 48 49 50 51 52 53 46 54 55 56 57 58 59 44 61 62 63 64 65 60 66 68 70 71 69 67 72 73 74 78 76 77 79 80 75 81 84 85 82 83 89 88 90 91 92 93 94 95 86 87 96 98]]], :time 49880458033, :process 12, :index 3575}
  T2 = {:type :ok, :f :txn, :value [[:append 24 17] [:r 23 [2 3 4 5 7 8 1 10 6 9 12 11 13 14 15 16 18 17 19 20 21 22 23 24 25 26 27 30 31 32 28 29 35 36 37 38 39 40 41 42 33 34 43 45 47 48 49 50 51 52 53 46 54 55 56 57 58 59 44 61 62 63 64 65 60 66 68 70 71 69 67 72 73 74 78 76 77 79 80 75 81 84 85 82 83 89 88 90 91 92 93 94 95 86 87 96]] [:r 24 [1 2 3 4 5 6 7 8 9 11 10 12 13 17]]], :time 49887324398, :process 2, :index 3577}

Then:
  - T1 < T2, because T1 did not observe T2's append of 17 to 24.
  - However, T2 < T1, because T2 did not observe T1's append of 98 to 23: a contradiction!


G2-item #26
Let:
  T1 = {:type :ok, :f :txn, :value [[:append 12 90] [:r 11 [1 2 3 4 5 6 7 9 10 11 12 8 13 14 15 16 17 18 19 20 21 22 23 24 25 26 27 29 28]] [:r 12 [3 4 5 1 2 7 8 6 10 9 11 12 13 14 15 16 17 20 21 18 19 22 24 26 25 28 23 29 30 32 33 27 34 37 31 38 39 35 36 40 41 43 44 42 45 46 47 50 51 52 53 54 56 57 48 49 59 60 58 62 63 64 65 61 55 66 67 68 70 71 69 72 73 74 79 75 76 77 78 80 82 81 88 89 90]]], :time 19929443801, :process 11, :index 1103}
  T2 = {:type :ok, :f :txn, :value [[:r 11 [1 2 3 4 5 6 7 9 10 11 12 8 13 14 15 16 17 18 19 20 21 22 23 24 25 26 27 29 28]] [:r 12 [3 4 5 1 2 7 8 6 10 9 11 12 13 14 15 16 17 20 21 18 19 22 24 26 25 28 23 29 30 32 33 27 34 37 31 38 39 35 36 40 41 43 44 42 45 46 47 50 51 52 53 54 56 57 48 49 59 60 58 62 63 64 65 61 55 66 67 68 70 71 69 72 73 74 79 75 76 77 78 80 82 81 88 89]] [:append 11 32]], :time 19929300297, :process 7, :index 1102}

Then:
  - T1 < T2, because T1 did not observe T2's append of 32 to 11.
  - However, T2 < T1, because T2 did not observe T1's append of 90 to 12: a contradiction!


G2-item #27
Let:
  T1 = {:type :ok, :f :txn, :value [[:r 48 [1 2 3 4 5 6 7 9 11 12 13 14 15 8 10 16 17 18 19 20 22 23 21 24 25 26 27 28 29 30 31 32 33 34 35 36 37 38 39 40 41 42 43 44 45 46 47 48 51 52 53 49 50 54 55 56 57 58 59 61 62 63 64 60 66 67 68 69 70 75 71 72 73 74 76 65 79 81]] [:append 45 91]], :time 112289760121, :process 6, :index 9001}
  T2 = {:type :ok, :f :txn, :value [[:append 48 77] [:append 47 74] [:r 45 [1 3 2 4 5 6 7 8 9 10 12 11 13 14 15 17 18 16 19 20 21 22 24 23 25 26 27 28 29 30 31 33 32 35 34 36 37 38 39 40 42 43 44 45 46 41 48 50 51 47 52 49 54 53 55 57 58 59 56 60 61 62 63 64 65 66 67 68 69 70 71 72 73 74 75 76 77 78 80 81 82 79 83 84 85 87 88 86 90]] [:append 48 78]], :time 112286719952, :process 1, :index 8999}

Then:
  - T1 < T2, because T1 did not observe T2's append of 77 to 48.
  - However, T2 < T1, because T2 did not observe T1's append of 91 to 45: a contradiction!


G2-item #28
Let:
  T1 = {:type :ok, :f :txn, :value [[:r 42 [1 2 5 6 7 8 9 10 12]] [:append 34 100] [:r 40 [1 2 3 4 5 6 7 8 9 10 11 13 14 15 16 18 19 17 12 20 21 22 23 25 26 27 28 24 29 30 31 32 33 35 36 37 38 39 40 34 42 43 41 44 45 46 47 48 49 50 51 52 53 54 56 57 58 59 60 61 55 62 63 64 65 66 68 69 70 67 71 72 73 74 75 76 77 80 81 82 78 79 83 86 87 88 85 84 89 90 91 92 93 94 95 96 97 98 99 101 100 102 104 103]] [:append 40 106]], :time 95136223513, :process 8, :index 7541}
  T2 = {:type :ok, :f :txn, :value [[:append 42 13] [:r 40 [1 2 3 4 5 6 7 8 9 10 11 13 14 15 16 18 19 17 12 20 21 22 23 25 26 27 28 24 29 30 31 32 33 35 36 37 38 39 40 34 42 43 41 44 45 46 47 48 49 50 51 52 53 54 56 57 58 59 60 61 55 62 63 64 65 66 68 69 70 67 71 72 73 74 75 76 77 80 81 82 78 79 83 86 87 88 85 84 89 90 91 92 93 94 95 96 97 98 99 101 100 102 104 103]]], :time 95137421740, :process 5, :index 7543}

Then:
  - T1 < T2, because T1 did not observe T2's append of 13 to 42.
  - However, T2 < T1, because T2 did not observe T1's append of 106 to 40: a contradiction!


G2-item #29
Let:
  T1 = {:type :ok, :f :txn, :value [[:r 34 [1 2 5 4 6 7 3 8 9 11 10 12 13 14 15 16 17 18 19 20 21 22 23 24 25 27 28 26 29 30 31 32 33 34 35 36 37 38 39 40 41 42 43 44 45 46 48 47 49 50 51 52 55 56 57 53 54 58 59 61 62 60 63 64 65 66 67 68 70 71 69 72 73 74 75 76 77 78 80 79 81 82 83 84 85]] [:append 34 86] [:r 41 [1 4 2 3 8 9 10 5 6 7 12 13 14 15 16 17 18 19 20 21 11 22 23 24 25 26 27 28 29 30 31 33 34 36 37 38 39 42 40 41 32 43 47 49 45 46 50 35 48 51 54 44 55 56 57 59 58 63 64 61 62 52 53 66 67 65 60 70 71 73 68]]], :time 93013143081, :process 14, :index 7351}
  T2 = {:type :ok, :f :txn, :value [[:append 41 74] [:r 41 [1 4 2 3 8 9 10 5 6 7 12 13 14 15 16 17 18 19 20 21 11 22 23 24 25 26 27 28 29 30 31 33 34 36 37 38 39 42 40 41 32 43 47 49 45 46 50 35 48 51 54 44 55 56 57 59 58 63 64 61 62 52 53 66 67 65 60 70 71 73 68 74]] [:r 34 [1 2 5 4 6 7 3 8 9 11 10 12 13 14 15 16 17 18 19 20 21 22 23 24 25 27 28 26 29 30 31 32 33 34 35 36 37 38 39 40 41 42 43 44 45 46 48 47 49 50 51 52 55 56 57 53 54 58 59 61 62 60 63 64 65 66 67 68 70 71 69 72 73 74 75 76 77 78 80 79 81 82 83 84 85]] [:append 40 82]], :time 93021851494, :process 13, :index 7353}

Then:
  - T1 < T2, because T1 did not observe T2's append of 74 to 41.
  - However, T2 < T1, because T2 did not observe T1's append of 86 to 34: a contradiction!


G2-item #30
Let:
  T1 = {:type :ok, :f :txn, :value [[:append 11 24] [:r 12 [3 4 5 1 2 7 8 6 10 9 11 12 13 14 15 16 17 20 21 18 19 22 24 26 25 28 23 29 30 32 33 27 34 37 31 38 39 35 36 40 41 43 44 42 45 46 47 50 51 52 53 54 56 57 48 49 59 60 58 62 63 64 65 61 55 66 67]] [:append 4 9]], :time 19072613690, :process 9, :index 1042}
  T2 = {:type :ok, :f :txn, :value [[:r 12 [3 4 5 1 2 7 8 6 10 9 11 12 13 14 15 16 17 20 21 18 19 22 24 26 25 28 23 29 30 32 33 27 34 37 31 38 39 35 36 40 41 43 44 42 45 46 47 50 51 52 53 54 56 57 48 49 59 60 58 62 63 64 65 61 55 66 67]] [:append 12 68] [:r 12 [3 4 5 1 2 7 8 6 10 9 11 12 13 14 15 16 17 20 21 18 19 22 24 26 25 28 23 29 30 32 33 27 34 37 31 38 39 35 36 40 41 43 44 42 45 46 47 50 51 52 53 54 56 57 48 49 59 60 58 62 63 64 65 61 55 66 67 68]]], :time 19072584944, :process 2, :index 1041}
  T3 = {:type :ok, :f :txn, :value [[:r 12 [3 4 5 1 2 7 8 6 10 9 11 12 13 14 15 16 17 20 21 18 19 22 24 26 25 28 23 29 30 32 33 27 34 37 31 38 39 35 36 40 41 43 44 42 45 46 47 50 51 52 53 54 56 57 48 49 59 60 58 62 63 64 65 61 55 66 67 68]] [:r 11 [1 2 3 4 5 6 7 9 10 11 12 8 13 14 15 16 17 18 19 20 21 22 23]] [:append 12 70]], :time 19072666547, :process 4, :index 1043}

Then:
  - T1 < T2, because T1 did not observe T2's append of 68 to 12.
  - T2 < T3, because T3 appended 70 after T2 appended 68 to 12.
  - However, T3 < T1, because T3 did not observe T1's append of 24 to 11: a contradiction!


G2-item #31
Let:
  T1 = {:type :ok, :f :txn, :value [[:append 47 91] [:r 48 [1 2 3 4 5 6 7 9 11 12 13 14 15 8 10 16 17 18 19 20 22 23 21 24 25 26 27 28 29 30 31 32 33 34 35 36 37 38 39 40 41 42 43 44 45 46 47 48 51 52 53 49 50 54 55 56 57 58 59 61 62 63 64 60 66 67 68 69 70 75 71 72 73 74 76 65 79 81 77 78 82 80 83 84 85 86 87 88 89 90 91 92 93 95 94 98 96 97 99 102 103 104 105 106 107 100 101 109 108 110 111 114 115 116 112 113 118 119 120]]], :time 113984334780, :process 12, :index 9147}
  T2 = {:type :ok, :f :txn, :value [[:append 48 122] [:r 47 [1 3 4 5 6 7 8 9 10 2 14 11 15 12 13 16 17 18 19 20 21 22 23 24 25 26 27 29 28 30 32 31 33 34 35 36 37 38 39 41 42 43 40 46 44 45 47 48 49 50 51 52 53 55 54 56 57 58 59 60 61 62 64 63 65 67 68 69 70 72 71 73 66 74 75 77 78 76 79 80 81 82 83 84 85 86 87 88 89 90]]], :time 113986407505, :process 2, :index 9148}

Then:
  - T1 < T2, because T1 did not observe T2's append of 122 to 48.
  - However, T2 < T1, because T2 did not observe T1's append of 91 to 47: a contradiction!


G2-item #32
Let:
  T1 = {:type :ok, :f :txn, :value [[:append 13 87] [:r 11 [1 2 3 4 5 6 7 9 10 11 12 8 13 14 15 16 17 18 19 20 21 22 23 24 25 26 27 29 28 32 30 33 35 31 36 34 37 38 39 40 42 41 43 46 44 45 48 49 50 51 52 53 47 55 56 54 57 58 61 60 62 59 63 64 65 69 66 70 71 72 74 67 68 73 75 76 77 80 81 82 83 78 84 79 86 85 88 87 89 90 92 91 93 96 99 94 95]] [:append 7 123]], :time 26328867064, :process 11, :index 1525}
  T2 = {:type :ok, :f :txn, :value [[:r 13 [1 3 4 5 2 6 7 8 10 11 12 14 9 17 18 13 15 16 20 19 21 23 25 26 27 28 29 22 32 24 33 30 31 36 37 38 34 35 39 40 42 41 43 46 47 52 53 48 49 51 50 54 55 56 44 45 57 58 59 61 63 62 64 60 65 67 66 68 74 72 73 69 70 71 77 76 78 79 75 80 81 82 86 85 83 84]] [:append 11 100] [:r 13 [1 3 4 5 2 6 7 8 10 11 12 14 9 17 18 13 15 16 20 19 21 23 25 26 27 28 29 22 32 24 33 30 31 36 37 38 34 35 39 40 42 41 43 46 47 52 53 48 49 51 50 54 55 56 44 45 57 58 59 61 63 62 64 60 65 67 66 68 74 72 73 69 70 71 77 76 78 79 75 80 81 82 86 85 83 84]] [:r 13 [1 3 4 5 2 6 7 8 10 11 12 14 9 17 18 13 15 16 20 19 21 23 25 26 27 28 29 22 32 24 33 30 31 36 37 38 34 35 39 40 42 41 43 46 47 52 53 48 49 51 50 54 55 56 44 45 57 58 59 61 63 62 64 60 65 67 66 68 74 72 73 69 70 71 77 76 78 79 75 80 81 82 86 85 83 84]]], :time 26329251520, :process 13, :index 1527}

Then:
  - T1 < T2, because T1 did not observe T2's append of 100 to 11.
  - However, T2 < T1, because T2 did not observe T1's append of 87 to 13: a contradiction!


G2-item #33
Let:
  T1 = {:type :ok, :f :txn, :value [[:r 32 [1 4 2 5 7 6 8 3 10 11 9 17 12 15 16 18 19 20 21 22 23 24 13 14 25 26 27 28 29 30 35 36 31 32 33 34 37 40 41 38 39 44 45 46 47 48 49 42 43 50 52 54 55 57 58 59 56 60 51 61 62 63 53 64 65 66 67 68 69 70 71 75 76 79 80 81 82 83 72 73 74 77 78 85 86 87 88]] [:r 31 [1 2 3 4 7 8 9 5 6 10 11 13 14 12 15 16 17 18 19 20 21 22 23 24 26 30 25 28 29 27 31 32 33 36 34 35 37 38 39 40 42 41 43 44 45 46 48 49 47 50 51 52 53 54 55 56 57 58 59 60 61 63 62 64 65]] [:append 32 84] [:r 32 [1 4 2 5 7 6 8 3 10 11 9 17 12 15 16 18 19 20 21 22 23 24 13 14 25 26 27 28 29 30 35 36 31 32 33 34 37 40 41 38 39 44 45 46 47 48 49 42 43 50 52 54 55 57 58 59 56 60 51 61 62 63 53 64 65 66 67 68 69 70 71 75 76 79 80 81 82 83 72 73 74 77 78 85 86 87 88 84]]], :time 74918196930, :process 9, :index 5725}
  T2 = {:type :ok, :f :txn, :value [[:append 31 66] [:r 32 [1 4 2 5 7 6 8 3 10 11 9 17 12 15 16 18 19 20 21 22 23 24 13 14 25 26 27 28 29 30 35 36 31 32 33 34 37 40 41 38 39 44 45 46 47 48 49 42 43 50 52 54 55 57 58 59 56 60 51 61 62 63 53 64 65 66 67 68 69 70 71 75 76 79 80 81 82 83 72 73 74 77 78 85 86 87]] [:r 32 [1 4 2 5 7 6 8 3 10 11 9 17 12 15 16 18 19 20 21 22 23 24 13 14 25 26 27 28 29 30 35 36 31 32 33 34 37 40 41 38 39 44 45 46 47 48 49 42 43 50 52 54 55 57 58 59 56 60 51 61 62 63 53 64 65 66 67 68 69 70 71 75 76 79 80 81 82 83 72 73 74 77 78 85 86 87]]], :time 74916809432, :process 8, :index 5723}
  T3 = {:type :ok, :f :txn, :value [[:r 32 [1 4 2 5 7 6 8 3 10 11 9 17 12 15 16 18 19 20 21 22 23 24 13 14 25 26 27 28 29 30 35 36 31 32 33 34 37 40 41 38 39 44 45 46 47 48 49 42 43 50 52 54 55 57 58 59 56 60 51 61 62 63 53 64 65 66 67 68 69 70 71 75 76 79 80 81 82 83 72 73 74 77 78 85 86 87]] [:append 32 88] [:r 29 [1 2 3 4 5 6 7 8 9 10 11 12 13 14 15 16 17 18 20 22 21 23 19 24 25 26 27 28 29 30 31 32 33 34 35 36 37 40 38 39 41 43 44 45 42 46 47 48 49 50 51 52 53 54 55 56 57 58 59 60 61 62 63 64 66 65 69 68 70 72 73 67 71 74 76 75 77 78 79 80 82 83 81 85 84 86 87 88 89 90 91 92 93]]], :time 74907189130, :process 12, :index 5721}

Then:
  - T1 < T2, because T1 did not observe T2's append of 66 to 31.
  - T2 < T3, because T2 did not observe T3's append of 88 to 32.
  - However, T3 < T1, because T1 appended 84 after T3 appended 88 to 32: a contradiction!


G2-item #34
Let:
  T1 = {:type :ok, :f :txn, :value [[:append 11 87] [:r 13 [1 3 4 5 2 6 7 8 10 11 12 14 9 17 18 13 15 16 20 19 21 23 25 26 27 28 29 22 32 24 33 30 31 36 37 38 34 35 39 40 42 41 43 46 47 52 53 48 49 51 50 54 55 56 44 45 57 58 59 61 63]] [:append 6 64]], :time 25010680132, :process 6, :index 1428}
  T2 = {:type :ok, :f :txn, :value [[:append 13 62] [:r 11 [1 2 3 4 5 6 7 9 10 11 12 8 13 14 15 16 17 18 19 20 21 22 23 24 25 26 27 29 28 32 30 33 35 31 36 34 37 38 39 40 42 41 43 46 44 45 48 49 50 51 52 53 47 55 56 54 57 58 61 60 62 59 63 64 65 69 66 70 71 72 74 67 68 73 75 76 77 80 81 82 83 78 84 79 86 85 88]]], :time 25010603129, :process 12, :index 1427}

Then:
  - T1 < T2, because T1 did not observe T2's append of 62 to 13.
  - However, T2 < T1, because T2 did not observe T1's append of 87 to 11: a contradiction!


G2-item #35
Let:
  T1 = {:type :ok, :f :txn, :value [[:append 42 87] [:r 43 [1 2 8 4 9 7 5 6 3 10 11 12 13]]], :time 98226143449, :process 2, :index 7792}
  T2 = {:type :ok, :f :txn, :value [[:r 42 [1 2 5 6 7 8 9 10 12 13 14 15 11 3 4 16 17 18 19 20 21 22 23 24 25 26 27 29 31 30 32 28 34 33 35 38 37 36 39 40 41 42 43 44 45 49 48 46 50 51 53 54 52 47 56 58 55 57 60 61 62 63 64 59 66 69 70 73 68 65 71 72 74 67 77 76 80 78 81 82 83 86]] [:append 43 14] [:r 42 [1 2 5 6 7 8 9 10 12 13 14 15 11 3 4 16 17 18 19 20 21 22 23 24 25 26 27 29 31 30 32 28 34 33 35 38 37 36 39 40 41 42 43 44 45 49 48 46 50 51 53 54 52 47 56 58 55 57 60 61 62 63 64 59 66 69 70 73 68 65 71 72 74 67 77 76 80 78 81 82 83 86]]], :time 98226073264, :process 10, :index 7791}

Then:
  - T1 < T2, because T1 did not observe T2's append of 14 to 43.
  - However, T2 < T1, because T2 did not observe T1's append of 87 to 42: a contradiction!


G2-item #36
Let:
  T1 = {:type :ok, :f :txn, :value [[:r 14 [1 2 3 4 5 6 7 8 9 10 11 12 13 15 14 16 17 18 19 20 21 22 23 24 25 27 26 28 29 30 31 32 33 34 35 37 36 38 40 39 41 42 43 44 45 46 47 48 49 50 51 52 53 54 55 56 57 58 59 60 61 62 64 63 66 65 67 68 69 70 71 72 73 74 75 76]] [:r 18 [1 2 4 5 6 7 3 10 11 12 13 14 15 16 17 18 19 20 21 8 9 22 23 24 25 26 27]] [:append 19 6]], :time 38574381101, :process 12, :index 2561}
  T2 = {:type :ok, :f :txn, :value [[:append 4 25] [:r 19 [1 2 3]] [:append 18 29]], :time 38563451899, :process 2, :index 2558}
  T3 = {:type :ok, :f :txn, :value [[:r 18 [1 2 4 5 6 7 3 10 11 12 13 14 15 16 17 18 19 20 21 8 9 22 23 24 25 26 27]] [:append 19 5] [:r 19 [1 2 3 5]]], :time 38563375336, :process 1, :index 2557}

Then:
  - T1 < T2, because T1 did not observe T2's append of 29 to 18.
  - T2 < T3, because T2 did not observe T3's append of 5 to 19.
  - However, T3 < T1, because T1 appended 6 after T3 appended 5 to 19: a contradiction!


G2-item #37
Let:
  T1 = {:type :ok, :f :txn, :value [[:append 40 87] [:append 34 87] [:append 40 88] [:r 41 [1 4 2 3 8 9 10 5 6 7 12 13 14 15 16 17 18 19 20 21 11 22 23 24 25 26 27 28 29 30 31 33 34 36 37 38 39 42 40 41 32 43 47 49 45 46 50 35 48 51 54 44 55 56 57 59 58 63 64 61 62 52 53 66 67 65 60 70 71 73 68 74 72 78 79 81 82]]], :time 93219950277, :process 10, :index 7369}
  T2 = {:type :ok, :f :txn, :value [[:append 41 69] [:r 37 [1 2 3 4 5 6 7 8 9 10 11 12 13 14 15 16 17 18 19 20 21 22 23 24 25 26 27 28 29 30 31 32 33 34 35 36 37]] [:r 4 [1 2 3 4 5 6 7 8 9 10 11 12 13 15 14 16 17 18 19 20 21 22 23 24 25 26 28 27 29 30 31 33 32 34 35 36 37 38 39 40 41 42 43 44 45 46 47 48 49 50 51 52 53 54 56 55 57 58 59 60 61 62 63 64 65 66 67 68 69 70 71 72 73 74 75 76]] [:r 34 [1 2 5 4 6 7 3 8 9 11 10 12 13 14 15 16 17 18 19 20 21 22 23 24 25 27 28 26 29 30 31 32 33 34 35 36 37 38 39 40 41 42 43 44 45 46 48 47 49 50 51 52 55 56 57 53 54 58 59 61 62 60 63 64 65 66 67 68 70 71 69 72 73 74 75 76 77 78 80 79 81 82 83 84 85 86]]], :time 93206370629, :process 7, :index 7367}

Then:
  - T1 < T2, because T1 did not observe T2's append of 69 to 41.
  - However, T2 < T1, because T2 did not observe T1's append of 87 to 34: a contradiction!


G2-item #38
Let:
  T1 = {:type :ok, :f :txn, :value [[:append 25 60] [:r 24 [1 2 3 4 5 6 7 8 9 11 10 12 13 17 14 15 16 19 20 21 22 23 24 18 25 26 28 29 30 32 27 31 33 34 35 36 37 38 39 41 42 40 43 44 45 46 47 48 49 50 51 52 54 53]] [:r 24 [1 2 3 4 5 6 7 8 9 11 10 12 13 17 14 15 16 19 20 21 22 23 24 18 25 26 28 29 30 32 27 31 33 34 35 36 37 38 39 41 42 40 43 44 45 46 47 48 49 50 51 52 54 53]] [:append 25 61]], :time 53035075900, :process 9, :index 3857}
  T2 = {:type :ok, :f :txn, :value [[:append 24 55] [:r 25 [1 2 3 4 5 6 8 9 10 11 12 7 14 15 13 16 17 18 19 20 22 23 24 25 26 21 30 31 32 28 29 33 34 35 36 37 38 39 40 42 27 43 44 46 47 48 49 50 51 41 52 53 54 55 56 57 58 62 63 64 65 66 59]] [:r 25 [1 2 3 4 5 6 8 9 10 11 12 7 14 15 13 16 17 18 19 20 22 23 24 25 26 21 30 31 32 28 29 33 34 35 36 37 38 39 40 42 27 43 44 46 47 48 49 50 51 41 52 53 54 55 56 57 58 62 63 64 65 66 59]]], :time 53039718804, :process 0, :index 3859}

Then:
  - T1 < T2, because T1 did not observe T2's append of 55 to 24.
  - However, T2 < T1, because T2 did not observe T1's append of 60 to 25: a contradiction!


G2-item #39
Let:
  T1 = {:type :ok, :f :txn, :value [[:r 35 [1 2 3 4 5 6 7 9 8 10 11 12 13]] [:r 34 [1 2 5 4 6 7 3 8 9 11 10 12]] [:append 33 128] [:append 35 14]], :time 80865693525, :process 6, :index 6249}
  T2 = {:type :ok, :f :txn, :value [[:append 34 13] [:append 34 14] [:r 35 [1 2 3 4 5 6 7 9 8 10 11 12 13]] [:append 36 1]], :time 80873415119, :process 13, :index 6251}

Then:
  - T1 < T2, because T1 did not observe T2's append of 13 to 34.
  - However, T2 < T1, because T2 did not observe T1's append of 14 to 35: a contradiction!


G2-item #40
Let:
  T1 = {:type :ok, :f :txn, :value [[:r 7 [1 2 4 5 6 7 3 8 10 11 9 12 13 14 15 16 17 18 21 19 20 22 24 25 23 26 27 28 29 30 31 32 33 34 35 36 37 38 39 40 41 42 44 45 43 46 47 48 49 50 51 52 53 54 55 56 58 57 59 60 61 62 63 64 65 66 67 69 68 70 71 72 73 74 76 77 75 78 79 81 82 80 83 84 86 85 87 88 90 91 92 93 89 94 95 96 97 98 100 99 101 102 104 105 103 106 107 108 109 110 111 112 113 114 116 117 115 119]] [:append 11 96] [:r 7 [1 2 4 5 6 7 3 8 10 11 9 12 13 14 15 16 17 18 21 19 20 22 24 25 23 26 27 28 29 30 31 32 33 34 35 36 37 38 39 40 41 42 44 45 43 46 47 48 49 50 51 52 53 54 55 56 58 57 59 60 61 62 63 64 65 66 67 69 68 70 71 72 73 74 76 77 75 78 79 81 82 80 83 84 86 85 87 88 90 91 92 93 89 94 95 96 97 98 100 99 101 102 104 105 103 106 107 108 109 110 111 112 113 114 116 117 115 119]]], :time 26015008517, :process 10, :index 1507}
  T2 = {:type :ok, :f :txn, :value [[:append 7 118] [:r 11 [1 2 3 4 5 6 7 9 10 11 12 8 13 14 15 16 17 18 19 20 21 22 23 24 25 26 27 29 28 32 30 33 35 31 36 34 37 38 39 40 42 41 43 46 44 45 48 49 50 51 52 53 47 55 56 54 57 58 61 60 62 59 63 64 65 69 66 70 71 72 74 67 68 73 75 76 77 80 81 82 83 78 84 79 86 85 88 87 89 90 92 91 93]]], :time 26005335470, :process 9, :index 1504}

Then:
  - T1 < T2, because T1 did not observe T2's append of 118 to 7.
  - However, T2 < T1, because T2 did not observe T1's append of 96 to 11: a contradiction!


G2-item #41
Let:
  T1 = {:type :ok, :f :txn, :value [[:r 30 [2 3 4 5 6 1 7 8 9 10 11 12 13 14 15 16 17 18 20 21 19 24 25 26 28 29 31 33 34 30 35 32 36 37 27 38 39 40 41 43 44 42 22 23 45 46 47 48 49 50 51 52 53 54 56 57 58 59 55 60 61 62 63 64 65 66]] [:append 29 57]], :time 69306959585, :process 14, :index 5261}
  T2 = {:type :ok, :f :txn, :value [[:append 30 67] [:r 29 [1 2 3 4 5 6 7 8 9 10 11 12 13 14 15 16 17 18 20 22 21 23 19 24 25 26 27 28 29 30 31 32 33 34 35 36 37 40 38 39 41 43 44 45 42 46 47 48 49 50 51 52 53 54 55 56]]], :time 69321709742, :process 1, :index 5266}

Then:
  - T1 < T2, because T1 did not observe T2's append of 67 to 30.
  - However, T2 < T1, because T2 did not observe T1's append of 57 to 29: a contradiction!


G2-item #42
Let:
  T1 = {:type :ok, :f :txn, :value [[:r 14 [1 2 3 4 5 6 7 8 9 10 11 12 13 15 14 16 17 18 19 20 21 22 23 24 25 27 26 28 29 30 31 32 33 34 35 37 36 38 40 39 41 42 43]] [:r 5 [1 2 3 4 5 6 7 8 9 10 11 12 13 14 15 16 17 18 19 20 21 22 23 24 25 26 27 28 29 30 31 32 33 34]] [:append 16 61]], :time 33507601042, :process 5, :index 2093}
  T2 = {:type :ok, :f :txn, :value [[:r 16 [1 2 3 4 5 9 10 11 12 14 6 7 8 16 15 19 17 13 20 21 18 22 23 24 25 26 28 29 27 31 30 32 34 35 36 33 37 39 38 40 41 43 44 45 46 42 47 49 48 52 53 56 57 50 54 55 58 59 60]] [:append 14 44] [:append 14 45]], :time 33486151997, :process 8, :index 2091}

Then:
  - T1 < T2, because T1 did not observe T2's append of 44 to 14.
  - However, T2 < T1, because T2 did not observe T1's append of 61 to 16: a contradiction!


G2-item #43
Let:
  T1 = {:type :ok, :f :txn, :value [[:r 24 [1 2 3 4 5 6 7 8 9 11 10 12 13 17 14 15 16 19 20 21 22 23 24 18 25 26 28 29 30 32 27 31 33 34 35 36 37 38 39 41 42 40 43 44 45]] [:r 21 [1 2 3 4 5 6 9 8 7 10 11 12 13 14 15 16 17 18 19 20 22 21 23 25 24 26 27 28 30 29 31 32 33 34 37 35 38 36 39 40 41 42 43 45 44 47 48 49 50 51 46 52 53 54 55]] [:append 25 28] [:append 25 29]], :time 52167092697, :process 12, :index 3779}
  T2 = {:type :ok, :f :txn, :value [[:append 24 46] [:r 5 [1 2 3 4 5 6 7 8 9 10 11 12 13 14 15 16 17 18 19 20 21 22 23 24 25 26 27 28 29 30 31 32 33 34 35 36 37 38 39 40 41 42 43 44 45 46 47 48 49 50 51 52 54 55 53 56 57 58 59 60 61 62 63 64 65 66 67 68 69 70 71 72 73]] [:append 24 47] [:r 25 [1 2 3 4 5 6 8 9 10 11 12 7 14 15 13 16 17 18 19 20 22 23 24 25 26 21 30 31 32]]], :time 52182310353, :process 8, :index 3781}

Then:
  - T1 < T2, because T1 did not observe T2's append of 46 to 24.
  - However, T2 < T1, because T2 did not observe T1's append of 28 to 25: a contradiction!


G2-item #44
Let:
  T1 = {:type :ok, :f :txn, :value [[:r 43 [1 2 8 4 9 7 5 6 3 10 11 12 13 14 15 16 17 18 19 20 21 23 24 25 26 22 27 28 30 31 32 33 29 34 35 36 39 40 41 37 38 42 43 44 45 46 47 48 49 50 51 52 53 54 55 57 58 59 60 56 61 62 63 64 65 66 67 68 69 71 72 73 74 75 70]] [:append 44 61]], :time 102433793885, :process 2, :index 8131}
  T2 = {:type :ok, :f :txn, :value [[:r 44 [1 2 3 4 5 9 10 11 12 13 14 16 17 18 19 20 21 22 23 24 15 6 7 8 25 26 29 30 31 32 27 28 33 35 36 37 38 34 39 40 42 43 44 41 45 46 47 48 49 50 51 52 53 55 56 57 58 59 60 54]] [:append 45 7] [:append 43 76]], :time 102426912172, :process 9, :index 8129}

Then:
  - T1 < T2, because T1 did not observe T2's append of 76 to 43.
  - However, T2 < T1, because T2 did not observe T1's append of 61 to 44: a contradiction!


G2-item #45
Let:
  T1 = {:type :ok, :f :txn, :value [[:r 18 [1 2 4 5 6 7 3 10 11 12 13 14 15 16 17 18 19 20 21 8 9 22 23 24 25 26 27 29 28 33 30 31 37 39 40 34 35 36 41 44 45 38 50 52 46 47 32 53 48 49 51 54 55 42 43 56 57 61 58 63 64 65 68 59 60 62 70 71 72 73 69 74 75 66 67 76 77 78 79 80]] [:r 19 [1 2 3 5 6 4 7 8 9 10 11 12 14 13 15 16 17 18 19 20]] [:append 19 21] [:r 14 [1 2 3 4 5 6 7 8 9 10 11 12 13 15 14 16 17 18 19 20 21 22 23 24 25 27 26 28 29 30 31 32 33 34 35 37 36 38 40 39 41 42 43 44 45 46 47 48 49 50 51 52 53 54 55 56 57 58 59 60 61 62 64 63 66 65 67 68 69 70 71 72 73 74 75 76 77 79 81 80 78 83 82 84 85]]], :time 40302602642, :process 0, :index 2703}
  T2 = {:type :ok, :f :txn, :value [[:append 14 86] [:r 19 [1 2 3 5 6 4 7 8 9 10 11 12 14 13 15 16 17 18 19 20]] [:r 18 [1 2 4 5 6 7 3 10 11 12 13 14 15 16 17 18 19 20 21 8 9 22 23 24 25 26 27 29 28 33 30 31 37 39 40 34 35 36 41 44 45 38 50 52 46 47 32 53 48 49 51 54 55 42 43 56 57 61 58 63 64 65 68 59 60 62 70 71 72 73 69 74 75 66 67 76 77 78 79 80]] [:r 18 [1 2 4 5 6 7 3 10 11 12 13 14 15 16 17 18 19 20 21 8 9 22 23 24 25 26 27 29 28 33 30 31 37 39 40 34 35 36 41 44 45 38 50 52 46 47 32 53 48 49 51 54 55 42 43 56 57 61 58 63 64 65 68 59 60 62 70 71 72 73 69 74 75 66 67 76 77 78 79 80]]], :time 40306919202, :process 11, :index 2705}

Then:
  - T1 < T2, because T1 did not observe T2's append of 86 to 14.
  - However, T2 < T1, because T2 did not observe T1's append of 21 to 19: a contradiction!


G2-item #46
Let:
  T1 = {:type :ok, :f :txn, :value [[:append 47 28] [:r 48 [1 2 3 4 5 6 7 9]]], :time 109185409910, :process 3, :index 8725}
  T2 = {:type :ok, :f :txn, :value [[:append 48 11] [:append 48 12] [:append 48 13] [:r 47 [1 3 4 5 6 7 8 9 10 2 14 11 15 12 13 16 17 18 19 20 21 22 23 24 25 26 27 29]]], :time 109180555976, :process 10, :index 8723}

Then:
  - T1 < T2, because T1 did not observe T2's append of 11 to 48.
  - However, T2 < T1, because T2 did not observe T1's append of 28 to 47: a contradiction!


G2-item #47
Let:
  T1 = {:type :ok, :f :txn, :value [[:r 6 [1 2 3 4 5 6 7 8 10 11 9 12 13 14 15 16 17 18 19 20 21 22 23 24 25 26 27 28 29 30 32 31 33 35 36 34 37 38 39 40 41 43 44 45 42 46 47 48 49 50 52 51 53 54 55 57 56 58 59 61 60 62 63 64 65 66 67 68 69 70 71 72 73 74 75 76 77 78 79 80 81 82 83 84 85 86 87 88 89 90 91 92 93 94 95 96 97 98 99 100 101 102 103 104 105 107 108 106 110 111 112 109 113 114]] [:append 19 33]], :time 41124329463, :process 1, :index 2777}
  T2 = {:type :ok, :f :txn, :value [[:r 19 [1 2 3 5 6 4 7 8 9 10 11 12 14 13 15 16 17 18 19 20 21 22 23 24 25 26 27 28 29 30 31]] [:append 6 115]], :time 41124650207, :process 7, :index 2778}

Then:
  - T1 < T2, because T1 did not observe T2's append of 115 to 6.
  - However, T2 < T1, because T2 did not observe T1's append of 33 to 19: a contradiction!


G2-item #48
Let:
  T1 = {:type :ok, :f :txn, :value [[:r 52 [1 2 3 5 6 7 8 9 10 11 12 13 4 14 17 18 19 20 21 22 23 24 25 26 27 28 29 15 16 33 34 36 35 37 38 39 40 41 30 31 32 42 43 44 45 46 47 48 49 50 52 53 54 55 56 57 58 51 60 61 59 62 63 65]] [:append 51 75] [:append 51 76] [:append 50 40]], :time 121574017178, :process 7, :index 9815}
  T2 = {:type :ok, :f :txn, :value [[:append 37 122] [:append 52 66] [:r 51 [1 2 3 4 5 7 8 9 10 11 12 6 13 14 15 16 19 17 21 20 22 18 23 24 25 26 27 29 30 31 28 32 35 34 37 36 39 40 41 33 38 42 43 44 45 46 47 48 49 50 51 52 54 55 56 53 57 58 59 60 61 62 63 64 65 66 67 68 69 71 70 72]]], :time 121574516099, :process 0, :index 9818}

Then:
  - T1 < T2, because T1 did not observe T2's append of 66 to 52.
  - However, T2 < T1, because T2 did not observe T1's append of 75 to 51: a contradiction!


G2-item #49
Let:
  T1 = {:type :ok, :f :txn, :value [[:r 22 [1 2 3 4 5 6 7 8 9 11 10 12 13 14 16 17 15 18 19]] [:r 23 [2 3 4 5 7 8 1 10 6 9 12 11 13 14 15 16 18 17 19 20 21 22 23 24 25 26 27 30 31 32 28 29 35 36 37 38 39 40 41 42 33 34 43 45 47 48 49 50 51 52 53 46 54 55 56 57 58 59 44 61 62 63 64 65 60 66 68 70 71 69]] [:r 21 [1 2 3 4 5 6 9 8 7 10 11 12 13 14 15 16 17 18 19 20 22 21 23 25 24 26 27 28 30 29]] [:append 23 67]], :time 48995542692, :process 9, :index 3493}
  T2 = {:type :ok, :f :txn, :value [[:r 23 [2 3 4 5 7 8 1 10 6 9 12 11 13 14 15 16 18 17 19 20 21 22 23 24 25 26 27 30 31 32 28 29 35 36 37 38 39 40 41 42 33 34 43 45 47 48 49 50 51 52 53 46 54 55 56 57 58 59 44 61 62 63 64 65 60 66 68 70 71 69]] [:r 23 [2 3 4 5 7 8 1 10 6 9 12 11 13 14 15 16 18 17 19 20 21 22 23 24 25 26 27 30 31 32 28 29 35 36 37 38 39 40 41 42 33 34 43 45 47 48 49 50 51 52 53 46 54 55 56 57 58 59 44 61 62 63 64 65 60 66 68 70 71 69]] [:r 24 [1 2 3 4]] [:append 21 31]], :time 49001983715, :process 7, :index 3497}

Then:
  - T1 < T2, because T1 did not observe T2's append of 31 to 21.
  - However, T2 < T1, because T2 did not observe T1's append of 67 to 23: a contradiction!


G2-item #50
Let:
  T1 = {:type :ok, :f :txn, :value [[:r 20 [1 2 3 4 5 6 7 8 9 10 12 13 14]] [:append 6 120] [:append 14 110]], :time 42816965482, :process 12, :index 2929}
  T2 = {:type :ok, :f :txn, :value [[:append 20 15] [:append 5 52] [:r 6 [1 2 3 4 5 6 7 8 10 11 9 12 13 14 15 16 17 18 19 20 21 22 23 24 25 26 27 28 29 30 32 31 33 35 36 34 37 38 39 40 41 43 44 45 42 46 47 48 49 50 52 51 53 54 55 57 56 58 59 61 60 62 63 64 65 66 67 68 69 70 71 72 73 74 75 76 77 78 79 80 81 82 83 84 85 86 87 88 89 90 91 92 93 94 95 96 97 98 99 100 101 102 103 104 105 107 108 106 110 111 112 109 113 114 115 116 117 118 119]] [:r 19 [1 2 3 5 6 4 7 8 9 10 11 12 14 13 15 16 17 18 19 20 21 22 23 24 25 26 27 28 29 30 31 33 34 32 35 36 37 38 39 40 41 42 43 44 45 46 47 48 49 50]]], :time 42817011364, :process 6, :index 2931}

Then:
  - T1 < T2, because T1 did not observe T2's append of 15 to 20.
  - However, T2 < T1, because T2 did not observe T1's append of 120 to 6: a contradiction!


G2-item #51
Let:
  T1 = {:type :ok, :f :txn, :value [[:append 17 14] [:append 1 5] [:r 17 [1 2 3 4 5 6 7 8 9 10 11 12 13 14]] [:r 16 [1 2 3 4 5 9 10 11 12 14 6 7 8 16 15 19 17 13 20 21 18 22 23 24 25 26 28 29 27 31 30 32 34 35 36 33 37 39 38 40 41 43 44 45 46 42 47 49 48 52 53 56 57 50 54 55 58 59 60 61 51 63]]], :time 33606672658, :process 6, :index 2103}
  T2 = {:type :ok, :f :txn, :value [[:r 17 [1 2 3 4 5 6 7 8 9 10 11 12 13]] [:append 16 64]], :time 33602595001, :process 11, :index 2101}

Then:
  - T1 < T2, because T1 did not observe T2's append of 64 to 16.
  - However, T2 < T1, because T2 did not observe T1's append of 14 to 17: a contradiction!


G2-item #52
Let:
  T1 = {:type :ok, :f :txn, :value [[:append 3 23] [:r 29 [1 2 3 4 5 6 7 8 9 10 11 12 13 14 15 16 17 18 20 22 21 23]] [:append 28 79]], :time 64625434216, :process 9, :index 4837}
  T2 = {:type :ok, :f :txn, :value [[:r 28 [3 4 6 7 1 2 5 9 8 11 12 13 14 15 16 19 18 17 22 10 21 23 24 25 20 27 28 26 31 32 30 29 34 35 36 37 40 38 39 33 41 47 48 51 42 43 44 52 53 54 50 56 46 55 57 49 45 61 62 63 64 58 59 60 65 68 67 70 69 71 66 73 74 75 72 76 77 78]] [:append 27 76] [:append 5 93] [:append 29 19]], :time 64666586004, :process 6, :index 4839}

Then:
  - T1 < T2, because T1 did not observe T2's append of 19 to 29.
  - However, T2 < T1, because T2 did not observe T1's append of 79 to 28: a contradiction!


G2-item #53
Let:
  T1 = {:type :ok, :f :txn, :value [[:r 35 [1 2 3 4 5 6 7 9 8 10 11 12 13 14 15 16 17 18 19 20 23 24 21 25 28 27 22 26 30 31 32 29 33 34 35 36 37 38 39 40]] [:append 36 29] [:r 34 [1 2 5 4 6 7 3 8 9 11 10 12 13 14 15 16 17 18 19 20 21 22]]], :time 82466138723, :process 9, :index 6388}
  T2 = {:type :ok, :f :txn, :value [[:r 36 [1 2 3 4 5 7 8 9 11 12 6 13 16 14 15 10 18 17 19 20 21 22 23 24 25 26 27 28 30 31 32 33 34 35]] [:append 34 23] [:append 35 41] [:r 36 [1 2 3 4 5 7 8 9 11 12 6 13 16 14 15 10 18 17 19 20 21 22 23 24 25 26 27 28 30 31 32 33 34 35]]], :time 82466237521, :process 13, :index 6389}

Then:
  - T1 < T2, because T1 did not observe T2's append of 23 to 34.
  - However, T2 < T1, because T2 did not observe T1's append of 29 to 36: a contradiction!


G2-item #54
Let:
  T1 = {:type :ok, :f :txn, :value [[:r 29 [1 2 3 4 5 6 7 8 9 10 11 12 13 14 15 16 17 18 20 22 21 23 19 24 25 26 27 28 29 30 31 32 33 34 35 36 37 40 38 39 41 43 44 45 42 46 47 48 49 50 51 52 53 54 55 56 57 58 59 60 61 62 63 64 66 65]] [:append 30 127] [:r 30 [2 3 4 5 6 1 7 8 9 10 11 12 13 14 15 16 17 18 20 21 19 24 25 26 28 29 31 33 34 30 35 32 36 37 27 38 39 40 41 43 44 42 22 23 45 46 47 48 49 50 51 52 53 54 56 57 58 59 55 60 61 62 63 64 65 66 67 68 70 71 72 73 74 75 76 69 77 81 82 83 78 79 80 84 85 87 88 89 90 86 91 92 96 93 94 97 98 101 95 102 103 104 99 100 105 106 107 109 110 111 108 112 113 117 118 119 120 114 115 116 127]] [:append 22 97]], :time 71536049525, :process 10, :index 5423}
  T2 = {:type :ok, :f :txn, :value [[:append 29 69] [:r 22 [1 2 3 4 5 6 7 8 9 11 10 12 13 14 16 17 15 18 19 20 21 22 23 24 25 26 27 28 29 30 31 32 33 34 35 36 37 38 39 40 41 42 43 44 45 46 47 48 49 50 51 52 53 54 55 56 57 58 59 60 61 63 62 64 65 66 67 68 69 70 72 71 73 74 75 76 77 78 80 79 81 82 83 84 85 86 87 88 89 90 91 92 93 94 95]]], :time 71536025917, :process 12, :index 5422}

Then:
  - T1 < T2, because T1 did not observe T2's append of 69 to 29.
  - However, T2 < T1, because T2 did not observe T1's append of 97 to 22: a contradiction!