G2-item #0
Let:
  T1 = {:type :ok, :f :txn, :value [[:r 20 [1 3 2 4 6 7 5 8 9 12 13 14 15 10 11 16]] [:append 18 84] [:r 20 [1 3 2 4 6 7 5 8 9 12 13 14 15 10 11 16]] [:r 20 [1 3 2 4 6 7 5 8 9 12 13 14 15 10 11 16]]], :time 64596202411, :process 5, :index 2902}
  T2 = {:type :ok, :f :txn, :value [[:r 20 [1 3 2 4 6 7 5 8 9 12 13 14 15 10 11 16]] [:append 20 17] [:append 20 18] [:r 6 [1 2 3 4 5 6 7 8 9 10 11 13 12 14 17 18 15 16 19 20 21 22 23 24 25 27 26 28 29 30 31 32 33 34 35 36 37 38 39 40 41 42 43 44 45 46 47 48 49 50 51 52 53 54 55 56 57 58 59 60 61 62 63 64 65 66 67 68 69 70 71 72 73 74 75 76 77 78 79 80 81 82 83 84 85 86 87 88 89 90 91 92 93 94 95 96 97 98 99 100 101 102 103 104 105 106]]], :time 64596253534, :process 1, :index 2903}
  T3 = {:type :ok, :f :txn, :value [[:append 20 19] [:r 20 [1 3 2 4 6 7 5 8 9 12 13 14 15 10 11 16 17 18 19]] [:r 18 [1 2 3 4 5 6 7 8 9 10 11 12 15 14 16 13 17 18 19 20 21 23 24 22 25 26 27 28 29 30 31 32 33 34 35 36 38 37 39 40 41 42 43 44 45 46 47 48 49 50 51 53 52 54 55 56 57 58 60 61 62 63 64 59 65 66 67 68 69 70 71 72 75 73 74 80 76 81 82 83 78 79]]], :time 64608465542, :process 9, :index 2906}

Then:
  - T1 < T2, because T1 did not observe T2's append of 17 to 20.
  - T2 < T3, because T3 appended 19 after T2 appended 18 to 20.
  - However, T3 < T1, because T3 did not observe T1's append of 84 to 18: a contradiction!


G2-item #1
Let:
  T1 = {:type :ok, :f :txn, :value [[:append 7 9] [:r 9 [1 4 5 2 3 9 10 6 7 8 11 12 13 14 19 20 18 15 16 17 22 21 23 24 25 26 27 28 29 30 31 32 33 34 37 38 39 36 35 40 41 42 44 45 46 47 43]] [:r 9 [1 4 5 2 3 9 10 6 7 8 11 12 13 14 19 20 18 15 16 17 22 21 23 24 25 26 27 28 29 30 31 32 33 34 37 38 39 36 35 40 41 42 44 45 46 47 43]] [:r 9 [1 4 5 2 3 9 10 6 7 8 11 12 13 14 19 20 18 15 16 17 22 21 23 24 25 26 27 28 29 30 31 32 33 34 37 38 39 36 35 40 41 42 44 45 46 47 43]]], :time 12957100364, :process 1, :index 169}
  T2 = {:type :ok, :f :txn, :value [[:append 9 49] [:append 8 33] [:append 8 34] [:r 7 [1 2 4 3 5 6 7 8]]], :time 12957372810, :process 6, :index 171}

Then:
  - T1 < T2, because T1 did not observe T2's append of 49 to 9.
  - However, T2 < T1, because T2 did not observe T1's append of 9 to 7: a contradiction!


G2-item #2
Let:
  T1 = {:type :ok, :f :txn, :value [[:r 18 [1 2 3 4 5 6 7 8 9 10 11 12 15 14 16 13 17 18 19 20 21 23 24 22 25 26 27 28 29 30 31 32 33 34 35 36 38 37 39 40 41 42 43 44 45 46 47 48 49 50 51 53 52 54 55 56 57 58 60 61 62 63 64 59 65 66 67 68 69 70 71 72 75 73 74 80 76 81 82 83 78 79 84 77 85 86 87 88]] [:append 20 31] [:r 6 [1 2 3 4 5 6 7 8 9 10 11 13 12 14 17 18 15 16 19 20 21 22 23 24 25 27 26 28 29 30 31 32 33 34 35 36 37 38 39 40 41 42 43 44 45 46 47 48 49 50 51 52 53 54 55 56 57 58 59 60 61 62 63 64 65 66 67 68 69 70 71 72 73 74 75 76 77 78 79 80 81 82 83 84 85 86 87 88 89 90 91 92 93 94 95 96 97 98 99 100 101 102 103 104 105 106 107]] [:r 18 [1 2 3 4 5 6 7 8 9 10 11 12 15 14 16 13 17 18 19 20 21 23 24 22 25 26 27 28 29 30 31 32 33 34 35 36 38 37 39 40 41 42 43 44 45 46 47 48 49 50 51 53 52 54 55 56 57 58 60 61 62 63 64 59 65 66 67 68 69 70 71 72 75 73 74 80 76 81 82 83 78 79 84 77 85 86 87 88]]], :time 65234041143, :process 1, :index 2942}
  T2 = {:type :ok, :f :txn, :value [[:append 18 89] [:r 20 [1 3 2 4 6 7 5 8 9 12 13 14 15 10 11 16 17 18 19 20 21 22 23 24 25 26 27 28 29]] [:append 18 90]], :time 65239544556, :process 2, :index 2943}

Then:
  - T1 < T2, because T1 did not observe T2's append of 89 to 18.
  - However, T2 < T1, because T2 did not observe T1's append of 31 to 20: a contradiction!


G2-item #3
Let:
  T1 = {:type :ok, :f :txn, :value [[:append 31 74] [:r 32 [1 3 2 4 6 5 10 9 7 8 12 11 13 14 15 16 17 18 19 20 21 22 23 25 24 27 30 28 29 31 26 32 33 36 41 42 37 34 35 43 44 45 46 40 38 39 48 49 52 50 51 54 53 47 55 56 57 58 60 59 64 65 62 63 66]]], :time 113872111757, :process 6, :index 5494}
  T2 = {:type :ok, :f :txn, :value [[:r 31 [1 2 3 6 5 8 7 9 4 10 11 12 14 16 15 13 17 19 20 21 18 22 25 27 23 24 28 26 29 30 31 32 33 34 35 36 38 39 40 41 37 42 43 44 45 46 47 48 49 50 51 54 52 53 55 56 57 58 59 60 61 63 64 62 66 65 67 68 69 73 71 72]] [:append 29 81] [:append 32 67] [:r 32 [1 3 2 4 6 5 10 9 7 8 12 11 13 14 15 16 17 18 19 20 21 22 23 25 24 27 30 28 29 31 26 32 33 36 41 42 37 34 35 43 44 45 46 40 38 39 48 49 52 50 51 54 53 47 55 56 57 58 60 59 64 65 62 63 66 67]]], :time 113867098496, :process 4, :index 5492}

Then:
  - T1 < T2, because T1 did not observe T2's append of 67 to 32.
  - However, T2 < T1, because T2 did not observe T1's append of 74 to 31: a contradiction!


G2-item #4
Let:
  T1 = {:type :ok, :f :txn, :value [[:append 31 75] [:r 29 [1 2 3 4 5 6 7 8 11 9 10 12 13 15 14 16 17 18 19 20 21 22 23 24 25 26 28 27 29 31 33 34 32 30 35 36 37 38 39 40 41 42 43 44 45 46 47 48 49 50 51 53 52 54 55 56 57 58 59 60 61 62 63 64 65 66 67 68 69 71 70 72 73 75 74 76 77 78 80 79 81]] [:r 24 [1 2 3 4 5 6 7 8 9 10 11 12 13 14 15 16 17 18 19 20 21 22 23 24 25 26 27 28 29 32 31 30 33 34 35 36 37 38 39 40 41 42 44 43 45 46 47 48 49 50 51 53 54 52 55 56 57 58 59 60 61 62 63 64 65 66 67 68 69 70 71 72 73 74 75 76 77 78 79 80 81 82 84 85 83 86 87 88 89 91 90 92 93 94 95 96 97 99 98 100 101 102 103 104 105]]], :time 114285328789, :process 6, :index 5512}
  T2 = {:type :ok, :f :txn, :value [[:r 31 [1 2 3 6 5 8 7 9 4 10 11 12 14 16 15 13 17 19 20 21 18 22 25 27 23 24 28 26 29 30 31 32 33 34 35 36 38 39 40 41 37 42 43 44 45 46 47 48 49 50 51 54 52 53 55 56 57 58 59 60 61 63 64 62 66 65 67 68 69 73 71 72 74 70]] [:append 24 107] [:r 32 [1 3 2 4 6 5 10 9 7 8 12 11 13 14 15 16 17 18 19 20 21 22 23 25 24 27 30 28 29 31 26 32 33 36 41 42 37 34 35 43 44 45 46 40 38 39 48 49 52 50 51 54 53 47 55 56 57 58 60 59 64 65 62 63 66 67 68 61 69]] [:r 32 [1 3 2 4 6 5 10 9 7 8 12 11 13 14 15 16 17 18 19 20 21 22 23 25 24 27 30 28 29 31 26 32 33 36 41 42 37 34 35 43 44 45 46 40 38 39 48 49 52 50 51 54 53 47 55 56 57 58 60 59 64 65 62 63 66 67 68 61 69]]], :time 114285244364, :process 2, :index 5510}

Then:
  - T1 < T2, because T1 did not observe T2's append of 107 to 24.
  - However, T2 < T1, because T2 did not observe T1's append of 75 to 31: a contradiction!


G2-item #5
Let:
  T1 = {:type :ok, :f :txn, :value [[:r 32 [1 3 2 4 6 5 10 9 7 8 12 11 13 14 15 16 17 18 19 20 21 22 23 25 24 27 30 28 29 31 26 32 33 36 41 42 37 34 35 43 44 45 46 40 38 39 48 49 52 50 51 54 53 47 55 56 57 58 60 59 64 65 62 63 66 67 68 61 69 71 72 73 74 70 76 75 77 78 79 80 81 82 83 84 85 86 87 88 90 89 91 92 93 95 96 94 97 98 99 100]] [:r 32 [1 3 2 4 6 5 10 9 7 8 12 11 13 14 15 16 17 18 19 20 21 22 23 25 24 27 30 28 29 31 26 32 33 36 41 42 37 34 35 43 44 45 46 40 38 39 48 49 52 50 51 54 53 47 55 56 57 58 60 59 64 65 62 63 66 67 68 61 69 71 72 73 74 70 76 75 77 78 79 80 81 82 83 84 85 86 87 88 90 89 91 92 93 95 96 94 97 98 99 100]] [:r 32 [1 3 2 4 6 5 10 9 7 8 12 11 13 14 15 16 17 18 19 20 21 22 23 25 24 27 30 28 29 31 26 32 33 36 41 42 37 34 35 43 44 45 46 40 38 39 48 49 52 50 51 54 53 47 55 56 57 58 60 59 64 65 62 63 66 67 68 61 69 71 72 73 74 70 76 75 77 78 79 80 81 82 83 84 85 86 87 88 90 89 91 92 93 95 96 94 97 98 99 100]] [:append 31 93]], :time 116293286890, :process 6, :index 5633}
  T2 = {:type :ok, :f :txn, :value [[:r 31 [1 2 3 6 5 8 7 9 4 10 11 12 14 16 15 13 17 19 20 21 18 22 25 27 23 24 28 26 29 30 31 32 33 34 35 36 38 39 40 41 37 42 43 44 45 46 47 48 49 50 51 54 52 53 55 56 57 58 59 60 61 63 64 62 66 65 67 68 69 73 71 72 74 70 75 76 77 78 79 81 82 80 83 84 85 88 86 87 89 90 91 92]] [:append 29 92] [:append 32 101] [:append 32 102]], :time 116281274328, :process 3, :index 5628}

Then:
  - T1 < T2, because T1 did not observe T2's append of 101 to 32.
  - However, T2 < T1, because T2 did not observe T1's append of 93 to 31: a contradiction!


G2-item #6
Let:
  T1 = {:type :ok, :f :txn, :value [[:append 22 96] [:r 24 [1 2 3 4 5 6 7 8 9 10 11 12 13 14 15 16 17 18 19 20 21 22 23 24 25]] [:append 5 76]], :time 82540154770, :process 8, :index 3913}
  T2 = {:type :ok, :f :txn, :value [[:append 25 87] [:append 24 26] [:r 21 [1 2 3 4 6 5 7 8 9 10 11 12 13 14 15 16 17 18 19 20 21 22 23 24 25 26 27 28 29 30 31 32 34 33 35 36 37 38 39 40 41 42 43 45 46 44 47 48 49 50 52 53 54 51 55 56 57 58 59 60 61 62]] [:r 5 [1 2 3 5 4 6 7 8 9 10 11 12 13 15 14 16 17 18 19 20 21 22 23 24 25 26 27 28 29 30 31 32 33 34 36 35 37 38 39 41 40 42 43 44 45 46 47 48 49 50 51 52 53 54 55 56 57 58 59 60 61 62 63 64 65 66 67 68 69 70 71 72 73 74 75]]], :time 82537924192, :process 2, :index 3911}

Then:
  - T1 < T2, because T1 did not observe T2's append of 26 to 24.
  - However, T2 < T1, because T2 did not observe T1's append of 76 to 5: a contradiction!


G2-item #7
Let:
  T1 = {:type :ok, :f :txn, :value [[:r 27 [1 2 3 4 5 6 7 10 9 11 8 13 14 12 17 16 20 18 19 23 24 21 22 25 26 15 27 28 29 30 31 32 33 34 36 37 38 35 39 40 41 42 44 43 45 46 47 48 49 50 51 52 53 56 54 55 57 58 59 60 61 62 64 63 66 67 68]] [:r 28 [1 2 4 5 8 9 3 6 7 12 13 14 15 11 16 10 17 18 19 22 23 24 21 25 20 27 29 31 30 26 34 32]] [:append 27 69]], :time 94679871179, :process 1, :index 4546}
  T2 = {:type :ok, :f :txn, :value [[:r 27 [1 2 3 4 5 6 7 10 9 11 8 13 14 12 17 16 20 18 19 23 24 21 22 25 26 15 27 28 29 30 31 32 33 34 36 37 38 35 39 40 41 42 44 43 45 46 47 48 49 50 51 52 53 56 54 55 57 58 59 60 61 62 64 63 66 67 68]] [:append 28 35] [:r 28 [1 2 4 5 8 9 3 6 7 12 13 14 15 11 16 10 17 18 19 22 23 24 21 25 20 27 29 31 30 26 34 32 35]]], :time 94687350062, :process 3, :index 4548}

Then:
  - T1 < T2, because T1 did not observe T2's append of 35 to 28.
  - However, T2 < T1, because T2 did not observe T1's append of 69 to 27: a contradiction!


G2-item #8
Let:
  T1 = {:type :ok, :f :txn, :value [[:r 10 [1 2 3 4 5 6 7 8 9 12 13 14 15 16 17 18 19 10 11 20 22 23 24 25 21 26 27 28 29 30 31 32 33 34 35 37 40 41 42 38 39 36 43 44 45 46 47 48 49 53 54 55 56 57 58 50 51 52 59 62 60 61 63 65 66 67 64 68 69 72 70 71]] [:r 10 [1 2 3 4 5 6 7 8 9 12 13 14 15 16 17 18 19 10 11 20 22 23 24 25 21 26 27 28 29 30 31 32 33 34 35 37 40 41 42 38 39 36 43 44 45 46 47 48 49 53 54 55 56 57 58 50 51 52 59 62 60 61 63 65 66 67 64 68 69 72 70 71]] [:append 8 110] [:r 10 [1 2 3 4 5 6 7 8 9 12 13 14 15 16 17 18 19 10 11 20 22 23 24 25 21 26 27 28 29 30 31 32 33 34 35 37 40 41 42 38 39 36 43 44 45 46 47 48 49 53 54 55 56 57 58 50 51 52 59 62 60 61 63 65 66 67 64 68 69 72 70 71]]], :time 23232243382, :process 6, :index 650}
  T2 = {:type :ok, :f :txn, :value [[:append 10 75] [:r 8 [1 2 3 6 4 5 7 9 8 10 11 13 12 14 15 16 17 18 19 20 21 22 23 25 26 24 27 29 28 30 31 32 33 34 35 36 37 38 39 40 41 42 43 44 45 48 49 50 46 47 51 52 53 54 55 57 58 59 60 61 62 63 64 65 56 67 68 69 66 72 71 73 74 75 76 70 77 78 79 80 81 82 83 84 85 86 89 90 87 88 91 92 93 94 95 96 97 98 99 100 101 103 104 105 108 102 106 107 109]] [:append 10 76]], :time 23226669354, :process 3, :index 648}

Then:
  - T1 < T2, because T1 did not observe T2's append of 75 to 10.
  - However, T2 < T1, because T2 did not observe T1's append of 110 to 8: a contradiction!


G2-item #9
Let:
  T1 = {:type :ok, :f :txn, :value [[:r 28 [1 2 4 5 8 9 3 6 7 12 13 14 15 11 16 10 17 18 19 22 23 24 21 25 20 27 29 31 30 26 34 32 35 33 36 37 38 28 39 40 42 43 41 44 45 46 47 48 49 50 51 52 53 54 55 56 57 58 59 61 60 63 62 65 66 67 68 64 69 70 71 72 73 75 76]] [:append 27 88]], :time 97320771942, :process 2, :index 4676}
  T2 = {:type :ok, :f :txn, :value [[:r 28 [1 2 4 5 8 9 3 6 7 12 13 14 15 11 16 10 17 18 19 22 23 24 21 25 20 27 29 31 30 26 34 32 35 33 36 37 38 28 39 40 42 43 41 44 45 46 47 48 49 50 51 52 53 54 55 56 57 58 59 61 60 63 62 65 66 67 68 64 69 70 71 72 73 75 76]] [:append 28 79] [:r 28 [1 2 4 5 8 9 3 6 7 12 13 14 15 11 16 10 17 18 19 22 23 24 21 25 20 27 29 31 30 26 34 32 35 33 36 37 38 28 39 40 42 43 41 44 45 46 47 48 49 50 51 52 53 54 55 56 57 58 59 61 60 63 62 65 66 67 68 64 69 70 71 72 73 75 76 79]] [:r 27 [1 2 3 4 5 6 7 10 9 11 8 13 14 12 17 16 20 18 19 23 24 21 22 25 26 15 27 28 29 30 31 32 33 34 36 37 38 35 39 40 41 42 44 43 45 46 47 48 49 50 51 52 53 56 54 55 57 58 59 60 61 62 64 63 66 67 68 69 70 65 71 72 73 74 75 76 77 78 80 81 79 82 83 84 85]]], :time 97310006518, :process 4, :index 4674}

Then:
  - T1 < T2, because T1 did not observe T2's append of 79 to 28.
  - However, T2 < T1, because T2 did not observe T1's append of 88 to 27: a contradiction!


G2-item #10
Let:
  T1 = {:type :ok, :f :txn, :value [[:r 29 [1 2 3 4 5 6 7 8 11 9 10 12 13 15 14 16 17 18 19 20 21 22 23 24 25 26 28 27 29 31 33 34 32 30 35 36 37 38 39 40 41 42 43 44 45 46 47 48 49 50 51 53 52 54 55 56 57 58 59 60 61 62 63 64 65 66 67 68 69 71 70 72 73 75 74 76]] [:r 32 [1 3 2 4 6 5 10 9 7 8 12 11 13 14 15 16 17 18 19 20 21 22 23 25 24 27 30 28 29 31 26 32 33 36 41 42 37 34 35 43 44 45 46 40 38 39 48 49 52 50 51 54 53 47]] [:append 29 77] [:r 32 [1 3 2 4 6 5 10 9 7 8 12 11 13 14 15 16 17 18 19 20 21 22 23 25 24 27 30 28 29 31 26 32 33 36 41 42 37 34 35 43 44 45 46 40 38 39 48 49 52 50 51 54 53 47]]], :time 113033970339, :process 6, :index 5456}
  T2 = {:type :ok, :f :txn, :value [[:append 32 55] [:r 31 [1 2 3 6 5 8 7 9 4 10 11 12 14 16 15 13 17 19 20 21 18 22 25 27 23 24 28 26 29 30 31 32 33 34 35 36 38 39 40 41 37 42 43 44 45 46 47 48 49 50 51 54 52 53 55 56 57 58 59 60 61 63 64 62 66 65 67]] [:r 29 [1 2 3 4 5 6 7 8 11 9 10 12 13 15 14 16 17 18 19 20 21 22 23 24 25 26 28 27 29 31 33 34 32 30 35 36 37 38 39 40 41 42 43 44 45 46 47 48 49 50 51 53 52 54 55 56 57 58 59 60 61 62 63 64 65 66 67 68 69 71 70 72 73 75 74 76]] [:append 32 56]], :time 113018281285, :process 7, :index 5454}

Then:
  - T1 < T2, because T1 did not observe T2's append of 55 to 32.
  - However, T2 < T1, because T2 did not observe T1's append of 77 to 29: a contradiction!


G2-item #11
Let:
  T1 = {:type :ok, :f :txn, :value [[:r 31 [1 2 3 6 5 8 7 9 4 10 11 12 14 16 15 13 17 19 20 21 18 22 25 27]] [:append 30 77]], :time 105493894621, :process 3, :index 5094}
  T2 = {:type :ok, :f :txn, :value [[:append 29 42] [:r 30 [2 1 4 5 6 7 10 3 8 9 11 12 13 14 16 17 18 19 15 21 20 27 28 29 24 23 25 26 30 31 22 32 33 34 35 36 37 38 39 40 41 42 43 45 44 46 47 48 49 51 52 53 55 56 50 54 57 58 59 60 61 62 64 63 65 67 68 69 70 66 72 73 71 75]] [:append 31 23] [:append 31 24]], :time 105500272075, :process 9, :index 5096}

Then:
  - T1 < T2, because T1 did not observe T2's append of 23 to 31.
  - However, T2 < T1, because T2 did not observe T1's append of 77 to 30: a contradiction!


G2-item #12
Let:
  T1 = {:type :ok, :f :txn, :value [[:append 26 31] [:r 5 [1 2 3 5 4 6 7 8 9 10 11 12 13 15 14 16 17 18 19 20 21 22 23 24 25 26 27 28 29 30 31 32 33 34 36 35 37 38 39 41 40 42 43 44 45 46 47 48 49 50 51 52 53 54 55 56 57 58 59 60 61 62 63 64 65 66 67 68 69 70 71 72 73 74 75 76 77 78 79]] [:r 27 [1 2 3 4]] [:r 24 [1 2 3 4 5 6 7 8 9 10 11 12 13 14 15 16 17 18 19 20 21 22 23 24 25 26 27 28 29 32 31 30 33 34 35 36 37 38]]], :time 86861078784, :process 8, :index 4154}
  T2 = {:type :ok, :f :txn, :value [[:append 24 39] [:r 5 [1 2 3 5 4 6 7 8 9 10 11 12 13 15 14 16 17 18 19 20 21 22 23 24 25 26 27 28 29 30 31 32 33 34 36 35 37 38 39 41 40 42 43 44 45 46 47 48 49 50 51 52 53 54 55 56 57 58 59 60 61 62 63 64 65 66 67 68 69 70 71 72 73 74 75 76 77 78 79]] [:r 26 [1 3 4 5 6 2 7 8 9 10 11 12 13 14 15 17 16 18 19 21 22 20 25 26 27 28 29 30]]], :time 86861310777, :process 4, :index 4155}

Then:
  - T1 < T2, because T1 did not observe T2's append of 39 to 24.
  - However, T2 < T1, because T2 did not observe T1's append of 31 to 26: a contradiction!


G2-item #13
Let:
  T1 = {:type :ok, :f :txn, :value [[:append 26 51] [:r 24 [1 2 3 4 5 6 7 8 9 10 11 12 13 14 15 16 17 18 19 20 21 22 23 24 25 26 27 28 29 32 31 30 33 34 35 36 37 38 39 40 41 42]] [:append 26 52] [:r 26 [1 3 4 5 6 2 7 8 9 10 11 12 13 14 15 17 16 18 19 21 22 20 25 26 27 28 29 30 31 32 33 34 38 39 42 40 35 36 37 44 23 24 45 43 47 48 51 52]]], :time 88228523606, :process 1, :index 4204}
  T2 = {:type :ok, :f :txn, :value [[:append 24 44] [:append 27 14] [:r 26 [1 3 4 5 6 2 7 8 9 10 11 12 13 14 15 17 16 18 19 21 22 20 25 26 27 28 29 30 31 32 33 34 38 39 42 40 35 36 37 44 23 24 45 43 47 48]] [:r 26 [1 3 4 5 6 2 7 8 9 10 11 12 13 14 15 17 16 18 19 21 22 20 25 26 27 28 29 30 31 32 33 34 38 39 42 40 35 36 37 44 23 24 45 43 47 48]]], :time 88220952457, :process 9, :index 4200}

Then:
  - T1 < T2, because T1 did not observe T2's append of 44 to 24.
  - However, T2 < T1, because T2 did not observe T1's append of 51 to 26: a contradiction!


G2-item #14
Let:
  T1 = {:type :ok, :f :txn, :value [[:r 11 [1 2 3 4 5 6 7 8 9 10 11 14 13 12 15 16 18 19 17 20 21 22 24 25 23 26 27 28 29 30 31 32 33]] [:append 12 33] [:r 12 [1 2 3 5 7 6 8 9 10 4 11 12 13 14 15 16 17 18 19 21 22 23 24 25 26 29 27 28 20 31 30 32 33]] [:r 11 [1 2 3 4 5 6 7 8 9 10 11 14 13 12 15 16 18 19 17 20 21 22 24 25 23 26 27 28 29 30 31 32 33]]], :time 28975105807, :process 0, :index 948}
  T2 = {:type :ok, :f :txn, :value [[:r 11 [1 2 3 4 5 6 7 8 9 10 11 14 13 12 15 16 18 19 17 20 21 22 24 25 23 26 27 28 29 30 31 32 33]] [:append 11 34] [:append 7 82] [:r 12 [1 2 3 5 7 6 8 9 10 4 11 12 13 14 15 16 17 18 19 21 22 23 24 25 26 29 27 28 20 31 30 32]]], :time 28975282599, :process 8, :index 949}

Then:
  - T1 < T2, because T1 did not observe T2's append of 34 to 11.
  - However, T2 < T1, because T2 did not observe T1's append of 33 to 12: a contradiction!


G2-item #15
Let:
  T1 = {:type :ok, :f :txn, :value [[:append 16 34] [:append 16 35] [:r 15 [1 4 5 6 7 8 2 9 3 10 12 13 15 16 17 11 18 14 20 19 21 22 23 24 25 26 27 28 29 30 31 32 33 34 35 36 37 38 39 40 41 42 43 44 48 45 46 47 49 50 51 52 53 54 55 56 57 58 59 60 61 62 63 64 67 68 69 65 66 70 72 73 71 75 76 77 74 78 79 80 81]] [:r 15 [1 4 5 6 7 8 2 9 3 10 12 13 15 16 17 11 18 14 20 19 21 22 23 24 25 26 27 28 29 30 31 32 33 34 35 36 37 38 39 40 41 42 43 44 48 45 46 47 49 50 51 52 53 54 55 56 57 58 59 60 61 62 63 64 67 68 69 65 66 70 72 73 71 75 76 77 74 78 79 80 81]]], :time 46517144483, :process 7, :index 1883}
  T2 = {:type :ok, :f :txn, :value [[:r 16 [1 2 3 4 5 6 7 8 9 10 11 12 13 14 15 16 18 17 19 20 24 25 21 22 26 27 28 23 30 29 31 32 33]] [:append 15 82]], :time 46517056256, :process 9, :index 1882}

Then:
  - T1 < T2, because T1 did not observe T2's append of 82 to 15.
  - However, T2 < T1, because T2 did not observe T1's append of 34 to 16: a contradiction!


G2-item #16
Let:
  T1 = {:type :ok, :f :txn, :value [[:r 16 [1 2 3 4 5 6 7 8 9 10 11 12 13 14 15 16 18 17 19 20 24 25 21 22 26 27 28 23 30 29 31 32 33 34 35 37 36 38 39 40 41 42 43 46 47 44 45 49 48 50 52 51 53 54 55 56 57 58 59 60 61 63 64 62 65 67 68 66 70 71 69 75 76 72 73 74 77 78 80 79 81 83 84 85 82 86 87 88 89 90 91 92 94 95 96 93 99 100 101 97 98 102 103 104 105 106 107 108 109 110 111 114 115 113 112 116 117 119 120 121 122 118 123]] [:append 14 76] [:append 17 107]], :time 55699272431, :process 8, :index 2384}
  T2 = {:type :ok, :f :txn, :value [[:append 16 124] [:r 14 [1 2 3 4 5 6 7 8 9 11 12 13 14 10 15 16 17 19 18 20 21 22 23 24 26 25 27 28 29 30 31 32 33 34 35 36 37 39 38 41 40 43 42 45 44 46 47 48 49 50 51 52 53 54 55 56 57 58 59 60 61 62 63 64 65 67 66 68 69 70 71 72 74 75 73]]], :time 55695298926, :process 3, :index 2382}

Then:
  - T1 < T2, because T1 did not observe T2's append of 124 to 16.
  - However, T2 < T1, because T2 did not observe T1's append of 76 to 14: a contradiction!


G2-item #17
Let:
  T1 = {:type :ok, :f :txn, :value [[:append 21 36] [:r 22 [1 2 3 4 5 6 8 7 9 14 12 13 11 15 10 18 16 17 19 20 21 22 23 24 25 26 27 28 30 31 32 29 33 34 35 36 37 38 39 40 41 43 42 44 45 46 47 48]] [:r 23 [1 3 4 5 2 6 8 7 13 12 9 10 11 15 14 16 17 18 19 20 21 22 23 24 25 26 27 28 29 30 31 32 33 34 35 37 36 38 39 40 42 41 43 44 45 46 47 48 49 50 51 52 53 54 56 57 59 55 63 64 65 60 61 58 66 67 68 69 71 62 72 73 74 70 78 79 80]]], :time 75612396994, :process 1, :index 3512}
  T2 = {:type :ok, :f :txn, :value [[:append 23 76] [:r 21 [1 2 3 4 6 5 7 8 9 10 11 12 13 14 15 16 17 18 19 20 21 22 23 24 25 26 27 28 29 30 31 32 34 33 35]] [:append 23 77]], :time 75604075338, :process 3, :index 3508}

Then:
  - T1 < T2, because T1 did not observe T2's append of 76 to 23.
  - However, T2 < T1, because T2 did not observe T1's append of 36 to 21: a contradiction!


G2-item #18
Let:
  T1 = {:type :ok, :f :txn, :value [[:append 26 42] [:r 5 [1 2 3 5 4 6 7 8 9 10 11 12 13 15 14 16 17 18 19 20 21 22 23 24 25 26 27 28 29 30 31 32 33 34 36 35 37 38 39 41 40 42 43 44 45 46 47 48 49 50 51 52 53 54 55 56 57 58 59 60 61 62 63 64 65 66 67 68 69 70 71 72 73 74 75 76 77 78 79]] [:r 27 [1 2 3 4 5 6]]], :time 87189010530, :process 2, :index 4166}
  T2 = {:type :ok, :f :txn, :value [[:r 26 [1 3 4 5 6 2 7 8 9 10 11 12 13 14 15 17 16 18 19 21 22 20 25 26 27 28 29 30 31 32 33 34 38 39]] [:r 27 [1 2 3 4 5 6]] [:append 27 7]], :time 87189071559, :process 4, :index 4167}

Then:
  - T1 < T2, because T1 did not observe T2's append of 7 to 27.
  - However, T2 < T1, because T2 did not observe T1's append of 42 to 26: a contradiction!


G2-item #19
Let:
  T1 = {:type :ok, :f :txn, :value [[:append 19 107] [:r 18 [1 2 3 4 5 6 7 8 9 10 11 12 15 14 16 13 17 18 19 20 21 23 24 22 25 26 27 28 29 30 31 32 33 34 35 36 38 37 39 40 41 42 43 44 45 46 47 48 49 50 51 53 52 54]] [:append 19 108]], :time 61842184828, :process 8, :index 2748}
  T2 = {:type :ok, :f :txn, :value [[:r 19 [1 2 3 4 5 7 8 9 10 11 12 13 14 15 16 6 18 19 20 21 17 22 23 24 25 26 27 28 29 30 31 32 33 34 35 37 38 36 39 40 41 42 43 45 46 48 49 50 51 44 52 53 47 54 55 56 58 59 57 60 61 62 63 64 65 66 67 68 69 70 71 72 73 74 75 76 77 78 79 80 81 82 83 84 85 86 89 90 87 88 91 92 94 95 96 99 100 97 98 101 93 103 104 102 106]] [:append 6 101] [:append 18 55] [:r 18 [1 2 3 4 5 6 7 8 9 10 11 12 15 14 16 13 17 18 19 20 21 23 24 22 25 26 27 28 29 30 31 32 33 34 35 36 38 37 39 40 41 42 43 44 45 46 47 48 49 50 51 53 52 54 55]]], :time 61847791651, :process 9, :index 2750}

Then:
  - T1 < T2, because T1 did not observe T2's append of 55 to 18.
  - However, T2 < T1, because T2 did not observe T1's append of 107 to 19: a contradiction!


G2-item #20
Let:
  T1 = {:type :ok, :f :txn, :value [[:append 11 7] [:r 10 [1 2 3 4 5 6 7 8 9 12 13 14 15 16 17 18 19 10 11 20 22 23 24 25 21 26 27 28 29 30 31 32 33 34 35 37 40 41 42 38 39 36 43 44 45 46 47 48 49 53 54 55 56 57 58 50 51 52 59 62 60 61 63 65 66 67 64 68 69 72 70 71 75 76 73 74 77 78 79 80 81 82 83 84 85 86 87 88 89 90 91 92 93 94 95 96 97 98 99 100 101 102 103 105 106 107 109]] [:r 7 [1 2 4 3 5 6 7 8 9 10 11 12 13 14 15 16 17 18 19 20 22 24 23 21 25 27 26 28 29 30 31 32 33 36 37 38 34 35 39 40 41 42 43 44 45 46 47 48 49 50 51 53 52 54 55 56 57 58 60 61 59 62 63 64 66 67]]], :time 25417358077, :process 2, :index 767}
  T2 = {:type :ok, :f :txn, :value [[:append 7 65] [:r 11 [1 2 3 4 5 6]] [:append 10 104]], :time 25417284000, :process 0, :index 766}

Then:
  - T1 < T2, because T1 did not observe T2's append of 65 to 7.
  - However, T2 < T1, because T2 did not observe T1's append of 7 to 11: a contradiction!


G2-item #21
Let:
  T1 = {:type :ok, :f :txn, :value [[:append 19 61] [:r 19 [1 2 3 4 5 7 8 9 10 11 12 13 14 15 16 6 18 19 20 21 17 22 23 24 25 26 27 28 29 30 31 32 33 34 35 37 38 36 39 40 41 42 43 45 46 48 49 50 51 44 52 53 47 54 55 56 58 59 57 60 61]] [:r 18 [1 2 3 4 5 6 7 8 9 10 11 12 15 14 16 13 17 18 19 20 21 23 24 22 25 26 27 28]]], :time 59377183168, :process 8, :index 2598}
  T2 = {:type :ok, :f :txn, :value [[:append 18 29] [:r 19 [1 2 3 4 5 7 8 9 10 11 12 13 14 15 16 6 18 19 20 21 17 22 23 24 25 26 27 28 29 30 31 32 33 34 35 37 38 36 39 40 41 42 43 45 46 48 49 50 51 44 52 53 47 54 55 56 58 59 57 60]] [:r 19 [1 2 3 4 5 7 8 9 10 11 12 13 14 15 16 6 18 19 20 21 17 22 23 24 25 26 27 28 29 30 31 32 33 34 35 37 38 36 39 40 41 42 43 45 46 48 49 50 51 44 52 53 47 54 55 56 58 59 57 60]] [:r 19 [1 2 3 4 5 7 8 9 10 11 12 13 14 15 16 6 18 19 20 21 17 22 23 24 25 26 27 28 29 30 31 32 33 34 35 37 38 36 39 40 41 42 43 45 46 48 49 50 51 44 52 53 47 54 55 56 58 59 57 60]]], :time 59377788371, :process 5, :index 2599}

Then:
  - T1 < T2, because T1 did not observe T2's append of 29 to 18.
  - However, T2 < T1, because T2 did not observe T1's append of 61 to 19: a contradiction!


G2-item #22
Let:
  T1 = {:type :ok, :f :txn, :value [[:append 23 70] [:append 21 33] [:r 22 [1 2 3 4 5 6 8 7 9 14 12 13 11 15 10 18 16 17 19 20 21 22 23 24 25 26 27 28 30 31 32 29 33 34 35 36 37 38 39 40 41 43 42 44 45]]], :time 75294989872, :process 1, :index 3495}
  T2 = {:type :ok, :f :txn, :value [[:r 23 [1 3 4 5 2 6 8 7 13 12 9 10 11 15 14 16 17 18 19 20 21 22 23 24 25 26 27 28 29 30 31 32 33 34 35 37 36 38 39 40 42 41 43 44 45 46 47 48 49 50 51 52 53 54 56 57 59 55 63 64 65 60 61 58 66 67 68 69 71 62 72 73 74]] [:append 22 46] [:append 22 47]], :time 75294509358, :process 0, :index 3494}

Then:
  - T1 < T2, because T1 did not observe T2's append of 46 to 22.
  - However, T2 < T1, because T2 did not observe T1's append of 70 to 23: a contradiction!


G2-item #23
Let:
  T1 = {:type :ok, :f :txn, :value [[:append 26 88] [:r 21 [1 2 3 4 6 5 7 8 9 10 11 12 13 14 15 16 17 18 19 20 21 22 23 24 25 26 27 28 29 30 31 32 34 33 35 36 37 38 39 40 41 42 43 45 46 44 47 48 49 50 52 53 54 51 55 56 57 58 59 60 61 62 63 64 65 66 68 67 69 70 71 73 72 76 74 75 77 78 79 80 81 82 83 84 85 87 88 86 89 90 91 92 93]]], :time 90620206468, :process 9, :index 4316}
  T2 = {:type :ok, :f :txn, :value [[:r 26 [1 3 4 5 6 2 7 8 9 10 11 12 13 14 15 17 16 18 19 21 22 20 25 26 27 28 29 30 31 32 33 34 38 39 42 40 35 36 37 44 23 24 45 43 47 48 51 52 46 41 49 54 50 53 55 56 57 58 60 61 59 63 62 64 65 66 67 68 70 71 72 73 69 74 75 76 77 79 80 81 82 83 84 78]] [:append 21 94] [:r 26 [1 3 4 5 6 2 7 8 9 10 11 12 13 14 15 17 16 18 19 21 22 20 25 26 27 28 29 30 31 32 33 34 38 39 42 40 35 36 37 44 23 24 45 43 47 48 51 52 46 41 49 54 50 53 55 56 57 58 60 61 59 63 62 64 65 66 67 68 70 71 72 73 69 74 75 76 77 79 80 81 82 83 84 78]]], :time 90619883516, :process 8, :index 4314}

Then:
  - T1 < T2, because T1 did not observe T2's append of 94 to 21.
  - However, T2 < T1, because T2 did not observe T1's append of 88 to 26: a contradiction!